    0.000000000000E+000    8.000000000000E-001
    1.999999987845E-008    4.219463383204E-001
    3.999999975690E-008    3.771836194351E-001
    5.999999963535E-008    3.461354273683E-001
    7.999999951380E-008    3.245499937268E-001
    9.999999939225E-008    3.073166673975E-001
    1.199999992707E-007    2.930431810670E-001
    1.399999991492E-007    2.810249645871E-001
    1.599999990276E-007    2.707068992782E-001
    1.799999989061E-007    2.617084072457E-001
    1.999999987845E-007    2.537589369562E-001
    2.199999986630E-007    2.466602276552E-001
    2.399999985414E-007    2.402632199339E-001
    2.599999984199E-007    2.344533662209E-001
    2.799999982983E-007    2.291409644160E-001
    2.999999981768E-007    2.242546073951E-001
    3.199999980552E-007    2.197366284417E-001
    3.399999979337E-007    2.155398619439E-001
    3.599999978121E-007    2.116252928498E-001
    3.799999976906E-007    2.079603202533E-001
    3.999999975690E-007    2.045174539208E-001
    4.199999974475E-007    2.012733215713E-001
    4.399999973259E-007    1.982079028679E-001
    4.599999972044E-007    1.953039312685E-001
    4.799999970828E-007    1.925464218498E-001
    4.999999969613E-007    1.899222948408E-001
    5.199999968397E-007    1.874200727035E-001
    5.399999967182E-007    1.850296343223E-001
    5.599999965966E-007    1.827420139674E-001
    5.799999964751E-007    1.805492356789E-001
    5.999999963535E-007    1.784441759037E-001
    6.199999962320E-007    1.764194505613E-001
    6.399999961104E-007    1.744494962515E-001
    6.599999959889E-007    1.725507541683E-001
    6.799999958673E-007    1.707184845802E-001
    6.999999957458E-007    1.689483842208E-001
    7.199999956242E-007    1.672365354581E-001
    7.399999955027E-007    1.655793625542E-001
    7.599999953811E-007    1.639735938734E-001
    7.799999952596E-007    1.624162291006E-001
    7.999999951380E-007    1.609045107024E-001
    8.199999950165E-007    1.594358989926E-001
    8.399999948949E-007    1.580080502765E-001
    8.599999947734E-007    1.566187976310E-001
    8.799999946518E-007    1.552661339528E-001
    8.999999945303E-007    1.539481969634E-001
    9.199999944087E-007    1.526632559078E-001
    9.399999942872E-007    1.514096997263E-001
    9.599999941656E-007    1.501860265075E-001
    9.799999940441E-007    1.489908340625E-001
    9.999999939225E-007    1.478228114810E-001
    1.019999993801E-006    1.466807315507E-001
    1.039999993679E-006    1.455634439358E-001
    1.059999993558E-006    1.444698690284E-001
    1.079999993436E-006    1.433989923931E-001
    1.099999993315E-006    1.423498597391E-001
    1.119999993193E-006    1.413215723616E-001
    1.139999993072E-006    1.403132830008E-001
    1.159999992950E-006    1.393241920746E-001
    1.179999992829E-006    1.383535442443E-001
    1.199999992707E-006    1.374006252806E-001
    1.219999992585E-006    1.364647591979E-001
    1.239999992464E-006    1.355453056308E-001
    1.259999992342E-006    1.346416574286E-001
    1.279999992221E-006    1.337532384465E-001
    1.299999992099E-006    1.328795015151E-001
    1.319999991978E-006    1.320199265707E-001
    1.339999991856E-006    1.311740189326E-001
    1.359999991735E-006    1.303413077125E-001
    1.379999991613E-006    1.295213443451E-001
    1.399999991492E-006    1.287137012290E-001
    1.419999991370E-006    1.279179704677E-001
    1.439999991248E-006    1.271337627029E-001
    1.459999991127E-006    1.263607060309E-001
    1.479999991005E-006    1.255984449966E-001
    1.499999990884E-006    1.248466396577E-001
    1.519999990762E-006    1.241049647137E-001
    1.539999990641E-006    1.233731086940E-001
    1.559999990519E-006    1.226507732010E-001
    1.579999990398E-006    1.219376722035E-001
    1.599999990276E-006    1.212335313767E-001
    1.619999990154E-006    1.205380874846E-001
    1.639999990033E-006    1.198510878025E-001
    1.659999989911E-006    1.191722895756E-001
    1.679999989790E-006    1.185014595123E-001
    1.699999989668E-006    1.178383733077E-001
    1.719999989547E-006    1.171828151976E-001
    1.739999989425E-006    1.165345775383E-001
    1.759999989304E-006    1.158934604123E-001
    1.779999989182E-006    1.152592712570E-001
    1.799999989061E-006    1.146318245153E-001
    1.819999988939E-006    1.140109413062E-001
    1.839999988817E-006    1.133964491143E-001
    1.859999988696E-006    1.127881814973E-001
    1.879999988574E-006    1.121859778094E-001
    1.899999988453E-006    1.115896829401E-001
    1.919999988331E-006    1.109991470676E-001
    1.939999988210E-006    1.104142254254E-001
    1.959999988088E-006    1.098347780817E-001
    1.979999987967E-006    1.092606697301E-001
    1.999999987845E-006    1.086917694918E-001
    2.019999987724E-006    1.081279507277E-001
    2.039999987602E-006    1.075690908608E-001
    2.059999987480E-006    1.070150712071E-001
    2.079999987359E-006    1.064657768156E-001
    2.099999987237E-006    1.059210963154E-001
    2.119999987116E-006    1.053809217721E-001
    2.139999986994E-006    1.048451485493E-001
    2.159999986873E-006    1.043136751786E-001
    2.179999986751E-006    1.037864032344E-001
    2.199999986630E-006    1.032632372162E-001
    2.219999986508E-006    1.027440844352E-001
    2.239999986386E-006    1.022288549070E-001
    2.259999986265E-006    1.017174612491E-001
    2.279999986143E-006    1.012098185830E-001
    2.299999986022E-006    1.007058444414E-001
    2.319999985900E-006    1.002054586784E-001
    2.339999985779E-006    9.970858338542E-002
    2.359999985657E-006    9.921514280933E-002
    2.379999985536E-006    9.872506327522E-002
    2.399999985414E-006    9.823827311217E-002
    2.419999985293E-006    9.775470258228E-002
    2.439999985171E-006    9.727428381290E-002
    2.459999985049E-006    9.679695073166E-002
    2.479999984928E-006    9.632263900434E-002
    2.499999984806E-006    9.585128597532E-002
    2.519999984685E-006    9.538283061056E-002
    2.539999984563E-006    9.491721344296E-002
    2.559999984442E-006    9.445437651995E-002
    2.579999984320E-006    9.399426335327E-002
    2.599999984199E-006    9.353681887074E-002
    2.619999984077E-006    9.308198937003E-002
    2.639999983955E-006    9.262972247426E-002
    2.659999983834E-006    9.217996708938E-002
    2.679999983712E-006    9.173267336322E-002
    2.699999983591E-006    9.128779264613E-002
    2.719999983469E-006    9.084527745320E-002
    2.739999983348E-006    9.040508142793E-002
    2.759999983226E-006    8.996715930723E-002
    2.779999983105E-006    8.953146688784E-002
    2.799999982983E-006    8.909796099399E-002
    2.819999982862E-006    8.866659944624E-002
    2.839999982740E-006    8.823734103156E-002
    2.859999982618E-006    8.781014547440E-002
    2.879999982497E-006    8.738497340897E-002
    2.899999982375E-006    8.696178635243E-002
    2.919999982254E-006    8.654054667909E-002
    2.939999982132E-006    8.612121759551E-002
    2.959999982011E-006    8.570376311656E-002
    2.979999981889E-006    8.528814804227E-002
    2.999999981768E-006    8.487433793552E-002
    3.019999981646E-006    8.446229910051E-002
    3.039999981524E-006    8.405199856199E-002
    3.059999981403E-006    8.364340404519E-002
    3.079999981281E-006    8.323648395651E-002
    3.099999981160E-006    8.283120736474E-002
    3.119999981038E-006    8.242754398305E-002
    3.139999980917E-006    8.202546415153E-002
    3.159999980795E-006    8.162493882032E-002
    3.179999980674E-006    8.122593953331E-002
    3.199999980552E-006    8.082843841236E-002
    3.219999980431E-006    8.043240814208E-002
    3.239999980309E-006    8.003782195509E-002
    3.259999980187E-006    7.964465361776E-002
    3.279999980066E-006    7.925287741638E-002
    3.299999979944E-006    7.886246814384E-002
    3.319999979823E-006    7.847340108672E-002
    3.339999979701E-006    7.808565201272E-002
    3.359999979580E-006    7.769919715857E-002
    3.379999979458E-006    7.731401321832E-002
    3.399999979337E-006    7.693007733193E-002
    3.419999979215E-006    7.654736707425E-002
    3.439999979093E-006    7.616586044439E-002
    3.459999978972E-006    7.578553585533E-002
    3.479999978850E-006    7.540637212391E-002
    3.499999978729E-006    7.502834846110E-002
    3.519999978607E-006    7.465144446255E-002
    3.539999978486E-006    7.427564009947E-002
    3.559999978364E-006    7.390091570973E-002
    3.579999978243E-006    7.352725198929E-002
    3.599999978121E-006    7.315462998378E-002
    3.619999978000E-006    7.278303108043E-002
    3.639999977878E-006    7.241243700021E-002
    3.659999977756E-006    7.204282979013E-002
    3.679999977635E-006    7.167419181588E-002
    3.699999977513E-006    7.130650575457E-002
    3.719999977392E-006    7.093975458775E-002
    3.739999977270E-006    7.057392159461E-002
    3.759999977149E-006    7.020899034534E-002
    3.779999977027E-006    6.984494469474E-002
    3.799999976906E-006    6.948176877593E-002
    3.819999976784E-006    6.911944699432E-002
    3.839999976663E-006    6.875796402168E-002
    3.859999976541E-006    6.839730479040E-002
    3.879999976419E-006    6.803745448793E-002
    3.899999976298E-006    6.767839855128E-002
    3.919999976176E-006    6.732012266183E-002
    3.939999976055E-006    6.696261274010E-002
    3.959999975933E-006    6.660585494079E-002
    3.979999975812E-006    6.624983564791E-002
    3.999999975690E-006    6.589454147001E-002
    4.019999975569E-006    6.553995923556E-002
    4.039999975447E-006    6.518607598850E-002
    4.059999975325E-006    6.483287898380E-002
    4.079999975204E-006    6.448035568322E-002
    4.099999975082E-006    6.412849375117E-002
    4.119999974961E-006    6.377728105060E-002
    4.139999974839E-006    6.342670563914E-002
    4.159999974718E-006    6.307675576516E-002
    4.179999974596E-006    6.272741986409E-002
    4.199999974475E-006    6.237868655470E-002
    4.219999974353E-006    6.203054463561E-002
    4.239999974232E-006    6.168298308173E-002
    4.259999974110E-006    6.133599104091E-002
    4.279999973988E-006    6.098955783062E-002
    4.299999973867E-006    6.064367293474E-002
    4.319999973745E-006    6.029832600036E-002
    4.339999973624E-006    5.995350683474E-002
    4.359999973502E-006    5.960920540230E-002
    4.379999973381E-006    5.926541182166E-002
    4.399999973259E-006    5.892211636280E-002
    4.419999973138E-006    5.857930944427E-002
    4.439999973016E-006    5.823698163042E-002
    4.459999972894E-006    5.789512362875E-002
    4.479999972773E-006    5.755372628729E-002
    4.499999972651E-006    5.721278059207E-002
    4.519999972530E-006    5.687227766458E-002
    4.539999972408E-006    5.653220875938E-002
    4.559999972287E-006    5.619256526167E-002
    4.579999972165E-006    5.585333868497E-002
    4.599999972044E-006    5.551452066886E-002
    4.619999971922E-006    5.517610297668E-002
    4.639999971801E-006    5.483807749341E-002
    4.659999971679E-006    5.450043622350E-002
    4.679999971557E-006    5.416317128874E-002
    4.699999971436E-006    5.382627492627E-002
    4.719999971314E-006    5.348973948648E-002
    4.739999971193E-006    5.315355743111E-002
    4.759999971071E-006    5.281772133128E-002
    4.779999970950E-006    5.248222386559E-002
    4.799999970828E-006    5.214705781828E-002
    4.819999970707E-006    5.181221607737E-002
    4.839999970585E-006    5.147769163288E-002
    4.859999970463E-006    5.114347757510E-002
    4.879999970342E-006    5.080956709282E-002
    4.899999970220E-006    5.047595347164E-002
    4.919999970099E-006    5.014263009233E-002
    4.939999969977E-006    4.980959042916E-002
    4.959999969856E-006    4.947682804830E-002
    4.979999969734E-006    4.914433660623E-002
    4.999999969613E-006    4.881210984820E-002
    5.019999969491E-006    4.848014160664E-002
    5.039999969370E-006    4.814842579972E-002
    5.059999969248E-006    4.781695642980E-002
    5.079999969126E-006    4.748572758199E-002
    5.099999969005E-006    4.715473342271E-002
    5.119999968883E-006    4.682396819823E-002
    5.139999968762E-006    4.649342623327E-002
    5.159999968640E-006    4.616310192964E-002
    5.179999968519E-006    4.583298976482E-002
    5.199999968397E-006    4.550308429063E-002
    5.219999968276E-006    4.517338013185E-002
    5.239999968154E-006    4.484387198495E-002
    5.259999968033E-006    4.451455461671E-002
    5.279999967911E-006    4.418542286296E-002
    5.299999967789E-006    4.385647162725E-002
    5.319999967668E-006    4.352769587960E-002
    5.339999967546E-006    4.319909065520E-002
    5.359999967425E-006    4.287065105316E-002
    5.379999967303E-006    4.254237223525E-002
    5.399999967182E-006    4.221424942464E-002
    5.419999967060E-006    4.188627790468E-002
    5.439999966939E-006    4.155845301763E-002
    5.459999966817E-006    4.123077016343E-002
    5.479999966695E-006    4.090322479850E-002
    5.499999966574E-006    4.057581243445E-002
    5.519999966452E-006    4.024852863691E-002
    5.539999966331E-006    3.992136902425E-002
    5.559999966209E-006    3.959432926638E-002
    5.579999966088E-006    3.926740508350E-002
    5.599999965966E-006    3.894059224488E-002
    5.619999965845E-006    3.861388656757E-002
    5.639999965723E-006    3.828728391521E-002
    5.659999965602E-006    3.796078019675E-002
    5.679999965480E-006    3.763437136516E-002
    5.699999965358E-006    3.730805341619E-002
    5.719999965237E-006    3.698182238707E-002
    5.739999965115E-006    3.665567435521E-002
    5.759999964994E-006    3.632960543689E-002
    5.779999964872E-006    3.600361178592E-002
    5.799999964751E-006    3.567768959229E-002
    5.819999964629E-006    3.535183508085E-002
    5.839999964508E-006    3.502604450985E-002
    5.859999964386E-006    3.470031416956E-002
    5.879999964264E-006    3.437464038087E-002
    5.899999964143E-006    3.404901949376E-002
    5.919999964021E-006    3.372344788586E-002
    5.939999963900E-006    3.339792196088E-002
    5.959999963778E-006    3.307243814709E-002
    5.979999963657E-006    3.274699289571E-002
    5.999999963535E-006    3.242158267923E-002
    6.019999963414E-006    3.209620398982E-002
    6.039999963292E-006    3.177085333750E-002
    6.059999963171E-006    3.144552724845E-002
    6.079999963049E-006    3.112022226311E-002
    6.099999962927E-006    3.079493493434E-002
    6.119999962806E-006    3.046966182547E-002
    6.139999962684E-006    3.014439950826E-002
    6.159999962563E-006    2.981914456082E-002
    6.179999962441E-006    2.949389356547E-002
    6.199999962320E-006    2.916864310651E-002
    6.219999962198E-006    2.884338976783E-002
    6.239999962077E-006    2.851258136137E-002
    6.259999961955E-006    2.817669372503E-002
    6.279999961833E-006    2.784064087794E-002
    6.299999961712E-006    2.750441565786E-002
    6.319999961590E-006    2.716801074130E-002
    6.339999961469E-006    2.683141863303E-002
    6.359999961347E-006    2.649463165486E-002
    6.379999961226E-006    2.615764193385E-002
    6.399999961104E-006    2.582044138965E-002
    6.419999960983E-006    2.548302172119E-002
    6.439999960861E-006    2.514537439245E-002
    6.459999960740E-006    2.480749061731E-002
    6.479999960618E-006    2.446936134341E-002
    6.499999960496E-006    2.413097723497E-002
    6.519999960375E-006    2.379232865437E-002
    6.539999960253E-006    2.345340564253E-002
    6.559999960132E-006    2.311419789788E-002
    6.579999960010E-006    2.277469475380E-002
    6.599999959889E-006    2.243488515453E-002
    6.619999959767E-006    2.209475762914E-002
    6.639999959646E-006    2.175430026373E-002
    6.659999959524E-006    2.141350067135E-002
    6.679999959402E-006    2.107234595973E-002
    6.699999959281E-006    2.073082269631E-002
    6.719999959159E-006    2.038891687064E-002
    6.739999959038E-006    2.004661385354E-002
    6.759999958916E-006    1.970389835301E-002
    6.779999958795E-006    1.936075436630E-002
    6.799999958673E-006    1.901716512792E-002
    6.819999958552E-006    1.867311305303E-002
    6.839999958430E-006    1.832857967586E-002
    6.859999958309E-006    1.798354558242E-002
    6.879999958187E-006    1.763799033702E-002
    6.899999958065E-006    1.729189240183E-002
    6.919999957944E-006    1.694522904867E-002
    6.939999957822E-006    1.659797626209E-002
    6.959999957701E-006    1.625010863275E-002
    6.979999957579E-006    1.590159923981E-002
    6.999999957458E-006    1.555241952105E-002
    7.019999957336E-006    1.520253912900E-002
    7.039999957215E-006    1.485192577138E-002
    7.059999957093E-006    1.450054503368E-002
    7.079999956972E-006    1.414836018134E-002
    7.099999956850E-006    1.379533193881E-002
    7.119999956728E-006    1.344141824203E-002
    7.139999956607E-006    1.308657396043E-002
    7.159999956485E-006    1.273075058390E-002
    7.179999956364E-006    1.237389586915E-002
    7.199999956242E-006    1.201595343909E-002
    7.219999956121E-006    1.165686232750E-002
    7.239999955999E-006    1.129655645974E-002
    7.259999955878E-006    1.093496405846E-002
    7.279999955756E-006    1.057200696089E-002
    7.299999955634E-006    1.020759983148E-002
    7.319999955513E-006    9.841649249999E-003
    7.339999955391E-006    9.474052650884E-003
    7.359999955270E-006    9.104697083516E-003
    7.379999955148E-006    8.733457756221E-003
    7.399999955027E-006    8.360196317059E-003
    7.419999954905E-006    7.984758812421E-003
    7.439999954784E-006    7.606973248424E-003
    7.459999954662E-006    7.226646659135E-003
    7.479999954541E-006    6.843561557634E-003
    7.499999954419E-006    6.457471608471E-003
    7.519999954297E-006    6.068096309240E-003
    7.539999954176E-006    5.675114399648E-003
    7.559999954054E-006    5.278155620862E-003
    7.579999953933E-006    4.876790315568E-003
    7.599999953811E-006    4.470516175342E-003
    7.619999953690E-006    4.058741188585E-003
    7.639999953568E-006    3.640761502697E-003
    7.659999953447E-006    3.215732496652E-003
    7.679999953325E-006    2.782630989034E-003
    7.699999953203E-006    2.340206783873E-003
    7.719999953082E-006    1.886925335391E-003
    7.739999952960E-006    1.420923127795E-003
    7.759999952839E-006    9.401158529638E-004
    7.779999952717E-006   -2.453347351691E-005
