   -4.887171231975E+000    1.190211306093E+000    1.033141692982E+000
   -4.827647887207E+000    1.192643347567E+000    1.064592484687E+000
   -4.757042203518E+000    1.195085460915E+000    1.080365488629E+000
   -4.665027085067E+000    1.197537671063E+000    1.086520047937E+000
   -4.442882938159E+000    1.200000002980E+000    1.177862028049E+000
   -4.220738791251E+000    1.197537671063E+000    1.195841996998E+000
   -4.128723672800E+000    1.195085460915E+000    1.196031740597E+000
   -4.058117989110E+000    1.192643347567E+000    1.192695157470E+000
   -3.998594644343E+000    1.190211306093E+000    1.193248825041E+000
   -3.946153524869E+000    1.187789311611E+000    1.183653041888E+000
   -3.898743128888E+000    1.185377339283E+000    1.167016991995E+000
   -3.855144770232E+000    1.182975364313E+000    1.142974354759E+000
   -3.814564407441E+000    1.180583361953E+000    1.112129190495E+000
   -3.776450497435E+000    1.178201307493E+000    1.076465535857E+000
   -3.740401465055E+000    1.175829176272E+000    1.037720927924E+000
   -3.706114153491E+000    1.173466943669E+000    9.977320468772E-001
   -3.673353040061E+000    1.171114585109E+000    9.580180764013E-001
   -3.641930825938E+000    1.168772076058E+000    9.196123715125E-001
   -3.611695649952E+000    1.166439392027E+000    8.831682191358E-001
   -3.582522356727E+000    1.164116508571E+000    8.489871069753E-001
   -3.554306350527E+000    1.161803401286E+000    8.171393703227E-001
   -3.526959156345E+000    1.159500045813E+000    7.875603135556E-001
   -3.500405142082E+000    1.157206417836E+000    7.601099867203E-001
   -3.474579050888E+000    1.154922493082E+000    7.346214275929E-001
   -3.449424111579E+000    1.152648247320E+000    7.109231441913E-001
   -3.424890569762E+000    1.150383656363E+000    6.888510422784E-001
   -3.400934530549E+000    1.148128696067E+000    6.682541283462E-001
   -3.377517035698E+000    1.145883342330E+000    6.489954646851E-001
   -3.354603319618E+000    1.143647571095E+000    6.309520732423E-001
   -3.332162203619E+000    1.141421358345E+000    6.140139583043E-001
   -3.310165598245E+000    1.139204680107E+000    5.980828491206E-001
   -3.288588091013E+000    1.136997512450E+000    5.830710088750E-001
   -3.267406602305E+000    1.134799831487E+000    5.689000513296E-001
   -3.246600096119E+000    1.132611613373E+000    5.554998697556E-001
   -3.226149335366E+000    1.130432834303E+000    5.428076752072E-001
   -3.206036673593E+000    1.128263470519E+000    5.307671338303E-001
   -3.186245876723E+000    1.126103498301E+000    5.193276088356E-001
   -3.166761969684E+000    1.123952893974E+000    5.084434934230E-001
   -3.147571103817E+000    1.121811633904E+000    4.980736263742E-001
   -3.128660441703E+000    1.119679694499E+000    4.881807816669E-001
   -3.110018056711E+000    1.117557052210E+000    4.787312222948E-001
   -3.091632845022E+000    1.115443683530E+000    4.696943104414E-001
   -3.073494448282E+000    1.113339564993E+000    4.610421665893E-001
   -3.055593185363E+000    1.111244673176E+000    4.527493709916E-001
   -3.037919991950E+000    1.109158984697E+000    4.447927019258E-001
   -3.020466366889E+000    1.107082476217E+000    4.371509057756E-001
   -3.003224324379E+000    1.105015124437E+000    4.298044947260E-001
   -2.986186351276E+000    1.102956906101E+000    4.227355684150E-001
   -2.969345368824E+000    1.100907797995E+000    4.159276564036E-001
   -2.952694698289E+000    1.098867776945E+000    4.093655787597E-001
   -2.936228030009E+000    1.096836819820E+000    4.030353224349E-001
   -2.919939395457E+000    1.094814903530E+000    3.969239314222E-001
   -2.903823141964E+000    1.092802005026E+000    3.910194089807E-001
   -2.887873909803E+000    1.090798101301E+000    3.853106304177E-001
   -2.872086611364E+000    1.088803169389E+000    3.797872651607E-001
   -2.856456412196E+000    1.086817186364E+000    3.744397069810E-001
   -2.840978713717E+000    1.084840129344E+000    3.692590114180E-001
   -2.825649137408E+000    1.082871975486E+000    3.642368395498E-001
   -2.810463510348E+000    1.080912701989E+000    3.593654073862E-001
   -2.795417851943E+000    1.078962286092E+000    3.546374402385E-001
   -2.780508361745E+000    1.077020705076E+000    3.500461315134E-001
   -2.765731408239E+000    1.075087936262E+000    3.455851054356E-001
   -2.751083518512E+000    1.073163957013E+000    3.412483832791E-001
   -2.736561368723E+000    1.071248744731E+000    3.370303527221E-001
   -2.722161775295E+000    1.069342276861E+000    3.329257399984E-001
   -2.707881686766E+000    1.067444530887E+000    3.289295845570E-001
   -2.693718176240E+000    1.065555484335E+000    3.250372159597E-001
   -2.679668434378E+000    1.063675114769E+000    3.212442328051E-001
   -2.665729762895E+000    1.061803399796E+000    3.175464834610E-001
   -2.651899568511E+000    1.059940317063E+000    3.139400484388E-001
   -2.638175357314E+000    1.058085844256E+000    3.104212242355E-001
   -2.624554729511E+000    1.056239959104E+000    3.069865085242E-001
   -2.611035374530E+000    1.054402639373E+000    3.036325865336E-001
   -2.597615066446E+000    1.052573862872E+000    3.003563185376E-001
   -2.584291659695E+000    1.050753607448E+000    2.971547283317E-001
   -2.571063085078E+000    1.048941850990E+000    2.940249926061E-001
   -2.557927346005E+000    1.047138571426E+000    2.909644311509E-001
   -2.544882514977E+000    1.045343746724E+000    2.879704978028E-001
   -2.531926730287E+000    1.043557354892E+000    2.850407720647E-001
   -2.519058192916E+000    1.041779373978E+000    2.821729513747E-001
   -2.506275163617E+000    1.040009782070E+000    2.793648439072E-001
   -2.493575960174E+000    1.038248557295E+000    2.766143619285E-001
   -2.480958954813E+000    1.036495677822E+000    2.739195156121E-001
   -2.468422571772E+000    1.034751121856E+000    2.712784072889E-001
   -2.455965284999E+000    1.033014867645E+000    2.686892261163E-001
   -2.443585615987E+000    1.031286893474E+000    2.661502430984E-001
   -2.431282131724E+000    1.029567177670E+000    2.636598064548E-001
   -2.419053442758E+000    1.027855698597E+000    2.612163373048E-001
   -2.406898201365E+000    1.026152434660E+000    2.588183256343E-001
   -2.394815099814E+000    1.024457364302E+000    2.564643265276E-001
   -2.382802868727E+000    1.022770466007E+000    2.541529566593E-001
   -2.370860275523E+000    1.021091718297E+000    2.518828909887E-001
   -2.358986122940E+000    1.019421099734E+000    2.496528596911E-001
   -2.347179247632E+000    1.017758588918E+000    2.474616452646E-001
   -2.335438518846E+000    1.016104164488E+000    2.453080798247E-001
   -2.323762837151E+000    1.014457805124E+000    2.431910425686E-001
   -2.312151133238E+000    1.012819489543E+000    2.411094573897E-001
   -2.300602366780E+000    1.011189196501E+000    2.390622906366E-001
   -2.289115525342E+000    1.009566904794E+000    2.370485490168E-001
   -2.277689623344E+000    1.007952593256E+000    2.350672776028E-001
   -2.266323701077E+000    1.006346240759E+000    2.331175579856E-001
   -2.255016823761E+000    1.004747826216E+000    2.311985065040E-001
   -2.243768080646E+000    1.003157328576E+000    2.293092726004E-001
   -2.232576584157E+000    1.001574726829E+000    2.274490372587E-001
   -2.221441469079E+000    1.000000000000E+000    2.256170115290E-001
   -2.210361891774E+000    9.984331271564E-001    2.238124351431E-001
   -2.199337029434E+000    9.968740874019E-001    2.220345751999E-001
   -2.188366079370E+000    9.953228598788E-001    2.202827249227E-001
   -2.177448258331E+000    9.937794237679E-001    2.185562024904E-001
   -2.166582801847E+000    9.922437582882E-001    2.168543499245E-001
   -2.155768963610E+000    9.907158426967E-001    2.151765320378E-001
   -2.145006014870E+000    9.891956562889E-001    2.135221354441E-001
   -2.134293243867E+000    9.876831783980E-001    2.118905676065E-001
   -2.123629955279E+000    9.861783883956E-001    2.102812559528E-001
   -2.113015469696E+000    9.846812656909E-001    2.086936470213E-001
   -2.102449123114E+000    9.831917897312E-001    2.071272056533E-001
   -2.091930266451E+000    9.817099400018E-001    2.055814142437E-001
   -2.081458265082E+000    9.802356960256E-001    2.040557719891E-001
   -2.071032498392E+000    9.787690373634E-001    2.025497942269E-001
   -2.060652359347E+000    9.773099436135E-001    2.010630117606E-001
   -2.050317254080E+000    9.758583944122E-001    1.995949702325E-001
   -2.040026601496E+000    9.744143694330E-001    1.981452295592E-001
   -2.029779832893E+000    9.729778483874E-001    1.967133633201E-001
   -2.019576391589E+000    9.715488110239E-001    1.952989582651E-001
   -2.009415732574E+000    9.701272371288E-001    1.939016137742E-001
   -1.999297322171E+000    9.687131065258E-001    1.925209413686E-001
   -1.989220637705E+000    9.673063990756E-001    1.911565642685E-001
   -1.979185167191E+000    9.659070946765E-001    1.898081169155E-001
   -1.969190409028E+000    9.645151732640E-001    1.884752445737E-001
   -1.959235871709E+000    9.631306148106E-001    1.871576029171E-001
   -1.949321073539E+000    9.617533993261E-001    1.858548576321E-001
   -1.939445542358E+000    9.603835068572E-001    1.845666840707E-001
   -1.929608815287E+000    9.590209174880E-001    1.832927668713E-001
   -1.919810438466E+000    9.576656113390E-001    1.820327996434E-001
   -1.910049966818E+000    9.563175685681E-001    1.807864846308E-001
   -1.900326963806E+000    9.549767693697E-001    1.795535324061E-001
   -1.890641001210E+000    9.536431939754E-001    1.783336615824E-001
   -1.880991658903E+000    9.523168226533E-001    1.771265985156E-001
   -1.871378524643E+000    9.509976357082E-001    1.759320770489E-001
   -1.861801193863E+000    9.496856134816E-001    1.747498382451E-001
   -1.852259269475E+000    9.483807363517E-001    1.735796301339E-001
   -1.842752361678E+000    9.470829847331E-001    1.724212074869E-001
   -1.833280087771E+000    9.457923390770E-001    1.712743315759E-001
   -1.823842071972E+000    9.445087798710E-001    1.701387699548E-001
   -1.814437945247E+000    9.432322876391E-001    1.690142962664E-001
   -1.805067345141E+000    9.419628429417E-001    1.679006900086E-001
   -1.795729915613E+000    9.407004263755E-001    1.667977363738E-001
   -1.786425306880E+000    9.394450185732E-001    1.657052260458E-001
   -1.777153175263E+000    9.381966002041E-001    1.646229550095E-001
   -1.767913183042E+000    9.369551519733E-001    1.635507244191E-001
   -1.758704998305E+000    9.357206546221E-001    1.624883403773E-001
   -1.749528294819E+000    9.344930889278E-001    1.614356138295E-001
   -1.740382751885E+000    9.332724357039E-001    1.603923603775E-001
   -1.731268054217E+000    9.320586757995E-001    1.593584001398E-001
   -1.722183891807E+000    9.308517900999E-001    1.583335576266E-001
   -1.713129959806E+000    9.296517595259E-001    1.573176615756E-001
   -1.704105958405E+000    9.284585650343E-001    1.563105448482E-001
   -1.695111592716E+000    9.272721876176E-001    1.553120442884E-001
   -1.686146572664E+000    9.260926083040E-001    1.543220006017E-001
   -1.677210612874E+000    9.249198081572E-001    1.533402582474E-001
   -1.668303432567E+000    9.237537682766E-001    1.523666653192E-001
   -1.659424755456E+000    9.225944697971E-001    1.514010734306E-001
   -1.650574309647E+000    9.214418938891E-001    1.504433376315E-001
   -1.641751827542E+000    9.202960217583E-001    1.494933162806E-001
   -1.632957045742E+000    9.191568346459E-001    1.485508709641E-001
   -1.624189704960E+000    9.180243138284E-001    1.476158664103E-001
   -1.615449549928E+000    9.168984406176E-001    1.466881703648E-001
   -1.606736329309E+000    9.157791963603E-001    1.457676535505E-001
   -1.598049795619E+000    9.146665624389E-001    1.448541895442E-001
   -1.589389705137E+000    9.135605202705E-001    1.439476547070E-001
   -1.580755817833E+000    9.124610513074E-001    1.430479281280E-001
   -1.572147897283E+000    9.113681370372E-001    1.421548915004E-001
   -1.563565710600E+000    9.102817589820E-001    1.412684291038E-001
   -1.555009028356E+000    9.092018986991E-001    1.403884276882E-001
   -1.546477624511E+000    9.081285377807E-001    1.395147764289E-001
   -1.537971276346E+000    9.070616578538E-001    1.386473668601E-001
   -1.529489764394E+000    9.060012405800E-001    1.377860927940E-001
   -1.521032872371E+000    9.049472676557E-001    1.369308502836E-001
   -1.512600387115E+000    9.038997208122E-001    1.360815375386E-001
   -1.504192098524E+000    9.028585818151E-001    1.352380548861E-001
   -1.495807799490E+000    9.018238324648E-001    1.344003047034E-001
   -1.487447285845E+000    9.007954545960E-001    1.335681913677E-001
   -1.479110356301E+000    8.997734300781E-001    1.327416212045E-001
   -1.470796812392E+000    8.987577408148E-001    1.319205024347E-001
   -1.462506458420E+000    8.977483687443E-001    1.311047451266E-001
   -1.454239101401E+000    8.967452958388E-001    1.302942611456E-001
   -1.445994551016E+000    8.957485041053E-001    1.294889641179E-001
   -1.437772619552E+000    8.947579755845E-001    1.286887693644E-001
   -1.429573121860E+000    8.937736923516E-001    1.278935938860E-001
   -1.421395875302E+000    8.927956365158E-001    1.271033562996E-001
   -1.413240699706E+000    8.918237902205E-001    1.263179767980E-001
   -1.405107417318E+000    8.908581356429E-001    1.255373771351E-001
   -1.396995852756E+000    8.898986549945E-001    1.247614805490E-001
   -1.388905832968E+000    8.889453305205E-001    1.239902117568E-001
   -1.380837187188E+000    8.879981444999E-001    1.232234969112E-001
   -1.372789746895E+000    8.870570792459E-001    1.224612635445E-001
   -1.364763345770E+000    8.861221171051E-001    1.217034405727E-001
   -1.356757819656E+000    8.851932404581E-001    1.209499582265E-001
   -1.348773006521E+000    8.842704317191E-001    1.202007480395E-001
   -1.340808746418E+000    8.833536733358E-001    1.194557428171E-001
   -1.332864881448E+000    8.824429477898E-001    1.187148765899E-001
   -1.324941255722E+000    8.815382375959E-001    1.179780846124E-001
   -1.317037715330E+000    8.806395253027E-001    1.172453033015E-001
   -1.309154108300E+000    8.797467934920E-001    1.165164702384E-001
   -1.301290284569E+000    8.788600247791E-001    1.157915241287E-001
   -1.293446095944E+000    8.779792018128E-001    1.150704047616E-001
   -1.285621396078E+000    8.771043072749E-001    1.143530530292E-001
   -1.277816040429E+000    8.762353238807E-001    1.136394108427E-001
   -1.270029886233E+000    8.753722343786E-001    1.129294211547E-001
   -1.262262792477E+000    8.745150215501E-001    1.122230279282E-001
   -1.254514619861E+000    8.736636682100E-001    1.115201760781E-001
   -1.246785230777E+000    8.728181572059E-001    1.108208115076E-001
   -1.239074489276E+000    8.719784714188E-001    1.101248810449E-001
   -1.231382261039E+000    8.711445937622E-001    1.094323324158E-001
   -1.223708413355E+000    8.703165071828E-001    1.087431142810E-001
   -1.216052815089E+000    8.694941946602E-001    1.080571761415E-001
   -1.208415336658E+000    8.686776392066E-001    1.073744683630E-001
   -1.200795850007E+000    8.678668238672E-001    1.066949421781E-001
   -1.193194228579E+000    8.670617317199E-001    1.060185495892E-001
   -1.185610347298E+000    8.662623458751E-001    1.053452434455E-001
   -1.178044082537E+000    8.654686494761E-001    1.046749773675E-001
   -1.170495312100E+000    8.646806256985E-001    1.040077057251E-001
   -1.162963915197E+000    8.638982577506E-001    1.033433836768E-001
   -1.155449772421E+000    8.631215288733E-001    1.026819670902E-001
   -1.147952765727E+000    8.623504223397E-001    1.020234125579E-001
   -1.140472778411E+000    8.615849214554E-001    1.013676773962E-001
   -1.133009695086E+000    8.608250095584E-001    1.007147195904E-001
   -1.125563401663E+000    8.600706700191E-001    1.000644978154E-001
   -1.118133785332E+000    8.593218862398E-001    9.941697141216E-002
   -1.110720734540E+000    8.585786416554E-001    9.877210036200E-002
   -1.103324138971E+000    8.578409197327E-001    9.812984528752E-002
   -1.095943889530E+000    8.571087039707E-001    9.749016744065E-002
   -1.088579878320E+000    8.563819779006E-001    9.685302867342E-002
   -1.081231998628E+000    8.556607250854E-001    9.621839144397E-002
   -1.073900144903E+000    8.549449291202E-001    9.558621880041E-002
   -1.066584212741E+000    8.542345736321E-001    9.495647435432E-002
   -1.059284098866E+000    8.535296422798E-001    9.432912229439E-002
   -1.051999701114E+000    8.528301187542E-001    9.370412735587E-002
   -1.044730918417E+000    8.521359867778E-001    9.308145481128E-002
   -1.037477650784E+000    8.514472301048E-001    9.246107047821E-002
   -1.030239799287E+000    8.507638325211E-001    9.184294067825E-002
   -1.023017266046E+000    8.500857778445E-001    9.122703225768E-002
   -1.015809954212E+000    8.494130499240E-001    9.061331255838E-002
   -1.008617767951E+000    8.487456326405E-001    9.000174940958E-002
   -1.001440612431E+000    8.480835099063E-001    8.939231113443E-002
   -9.942783938083E-001    8.474266656651E-001    8.878496651328E-002
   -9.871310192097E-001    8.467750838921E-001    8.817968480539E-002
   -9.799983967214E-001    8.461287485938E-001    8.757643571467E-002
   -9.728804353742E-001    8.454876438081E-001    8.697518939581E-002
   -9.657770451298E-001    8.448517536042E-001    8.637591644456E-002
   -9.586881368679E-001    8.442210620824E-001    8.577858787772E-002
   -9.516136223729E-001    8.435955533744E-001    8.518317514698E-002
   -9.445534143213E-001    8.429752116429E-001    8.458965010568E-002
   -9.375074262687E-001    8.423600210816E-001    8.399798502208E-002
   -9.304755726381E-001    8.417499659156E-001    8.340815256300E-002
   -9.234577687072E-001    8.411450304007E-001    8.282012578006E-002
   -9.164539305967E-001    8.405451988237E-001    8.223387812080E-002
   -9.094639752589E-001    8.399504555025E-001    8.164938340128E-002
   -9.024878204656E-001    8.393607847857E-001    8.106661581085E-002
   -8.955253847972E-001    8.387761710528E-001    8.048554990990E-002
   -8.885765876317E-001    8.381965987140E-001    7.990616060400E-002
   -8.816413491336E-001    8.376220522103E-001    7.932842316122E-002
   -8.747195902432E-001    8.370525160135E-001    7.875231319314E-002
   -8.678112326662E-001    8.364879746258E-001    7.817780663981E-002
   -8.609161988634E-001    8.359284125803E-001    7.760487979291E-002
   -8.540344120401E-001    8.353738144403E-001    7.703350925490E-002
   -8.471657961370E-001    8.348241648001E-001    7.646367195487E-002
   -8.403102758194E-001    8.342794482839E-001    7.589534514766E-002
   -8.334677764684E-001    8.337396495467E-001    7.532850637928E-002
   -8.266382241708E-001    8.332047532738E-001    7.476313351955E-002
   -8.198215457102E-001    8.326747441809E-001    7.419920472951E-002
   -8.130176685576E-001    8.321496070137E-001    7.363669846069E-002
   -8.062265208625E-001    8.316293265486E-001    7.307559346854E-002
   -7.994480314440E-001    8.311138875917E-001    7.251586877694E-002
   -7.926821297822E-001    8.306032749796E-001    7.195750370122E-002
   -7.859287460094E-001    8.300974735790E-001    7.140047783093E-002
   -7.791878109021E-001    8.295964682864E-001    7.084477101605E-002
   -7.724592558723E-001    8.291002440287E-001    7.029036339224E-002
   -7.657430129594E-001    8.286087857624E-001    6.973723533503E-002
   -7.590390148226E-001    8.281220784743E-001    6.918536749425E-002
   -7.523471947326E-001    8.276401071807E-001    6.863474076818E-002
   -7.456674865640E-001    8.271628569281E-001    6.808533629520E-002
   -7.389998247875E-001    8.266903127925E-001    6.753713547720E-002
   -7.323441444629E-001    8.262224598800E-001    6.699011993926E-002
   -7.257003812310E-001    8.257592833260E-001    6.644427155186E-002
   -7.190684713072E-001    8.253007682960E-001    6.589957242384E-002
   -7.124483514734E-001    8.248468999848E-001    6.535600487981E-002
   -7.058399590717E-001    8.243976636169E-001    6.481355148350E-002
   -6.992432319972E-001    8.239530444463E-001    6.427219501594E-002
   -6.926581086912E-001    8.235130277566E-001    6.373191847325E-002
   -6.860845281346E-001    8.230775988608E-001    6.319270507270E-002
   -6.795224298410E-001    8.226467431012E-001    6.265453824181E-002
   -6.729717538507E-001    8.222204458495E-001    6.211740161223E-002
   -6.664324407238E-001    8.217986925069E-001    6.158127902469E-002
   -6.599044315344E-001    8.213814685037E-001    6.104615452515E-002
   -6.533876678638E-001    8.209687592995E-001    6.051201234480E-002
   -6.468820917952E-001    8.205605503829E-001    5.997883692632E-002
   -6.403876459068E-001    8.201568272721E-001    5.944661289570E-002
   -6.339042732666E-001    8.197575755139E-001    5.891532506280E-002
   -6.274319174262E-001    8.193627806844E-001    5.838495843891E-002
   -6.209705224152E-001    8.189724283887E-001    5.785549820158E-002
   -6.145200327356E-001    8.185865042610E-001    5.732692971614E-002
   -6.080803933560E-001    8.182049939641E-001    5.679923852733E-002
   -6.016515497064E-001    8.178278831900E-001    5.627241034373E-002
   -5.952334476728E-001    8.174551576594E-001    5.574643105503E-002
   -5.888260335915E-001    8.170868031219E-001    5.522128671154E-002
   -5.824292542444E-001    8.167228053557E-001    5.469696353114E-002
   -5.760430568535E-001    8.163631501678E-001    5.417344789308E-002
   -5.696673890757E-001    8.160078233940E-001    5.365072633355E-002
   -5.633021989984E-001    8.156568108984E-001    5.312878554810E-002
   -5.569474351338E-001    8.153100985741E-001    5.260761238107E-002
   -5.506030464147E-001    8.149676723425E-001    5.208719382748E-002
   -5.442689821892E-001    8.146295181535E-001    5.156751703342E-002
   -5.379451922163E-001    8.142956219856E-001    5.104856927898E-002
   -5.316316266612E-001    8.139659698455E-001    5.053033799590E-002
   -5.253282360905E-001    8.136405477684E-001    5.001281074695E-002
   -5.190349714681E-001    8.133193418180E-001    4.949597522665E-002
   -5.127517841503E-001    8.130023380860E-001    4.897981927110E-002
   -5.064786258817E-001    8.126895226925E-001    4.846433083144E-002
   -5.002154487909E-001    8.123808817858E-001    4.794949799289E-002
   -4.939622053858E-001    8.120764015424E-001    4.743530895919E-002
   -4.877188485502E-001    8.117760681668E-001    4.692175204849E-002
   -4.814853315387E-001    8.114798678916E-001    4.640881570008E-002
   -4.752616079736E-001    8.111877869776E-001    4.589648845769E-002
   -4.690476318400E-001    8.108998117134E-001    4.538475897632E-002
   -4.628433574823E-001    8.106159284158E-001    4.487361601436E-002
   -4.566487396003E-001    8.103361234292E-001    4.436304842522E-002
   -4.504637332452E-001    8.100603831260E-001    4.385304516748E-002
   -4.442882938159E-001    8.097886939066E-001    4.334359528119E-002
   -4.381223770549E-001    8.095210421990E-001    4.283468789945E-002
   -4.319659390451E-001    8.092574144589E-001    4.232631224320E-002
   -4.258189362061E-001    8.089977971699E-001    4.181845759923E-002
   -4.196813252900E-001    8.087421768431E-001    4.131111334346E-002
   -4.135530633787E-001    8.084905400174E-001    4.080426891359E-002
   -4.074341078797E-001    8.082428732590E-001    4.029791380961E-002
   -4.013244165231E-001    8.079991631618E-001    3.979203760139E-002
   -3.952239473579E-001    8.077593963474E-001    3.928662990374E-002
   -3.891326587487E-001    8.075235594644E-001    3.878168038281E-002
   -3.830505093728E-001    8.072916391892E-001    3.827717875268E-002
   -3.769774582161E-001    8.070636222255E-001    3.777311475867E-002
   -3.709134645707E-001    8.068394953042E-001    3.726947817887E-002
   -3.648584880312E-001    8.066192451835E-001    3.676625882172E-002
   -3.588124884917E-001    8.064028586490E-001    3.626344650259E-002
   -3.527754261428E-001    8.061903225135E-001    3.576103105748E-002
   -3.467472614685E-001    8.059816236167E-001    3.525900232233E-002
   -3.407279552430E-001    8.057767488258E-001    3.475735012256E-002
   -3.347174685281E-001    8.055756850348E-001    3.425606428235E-002
   -3.287157626697E-001    8.053784191650E-001    3.375513459262E-002
   -3.227227992956E-001    8.051849381644E-001    3.325455081916E-002
   -3.167385403120E-001    8.049952290082E-001    3.275430268891E-002
   -3.107629479010E-001    8.048092786985E-001    3.225437986943E-002
   -3.047959845178E-001    8.046270742641E-001    3.175477197613E-002
   -2.988376128880E-001    8.044486027609E-001    3.125546854293E-002
   -2.928877960045E-001    8.042738512714E-001    3.075645902086E-002
   -2.869464971253E-001    8.041028069050E-001    3.025773276367E-002
   -2.810136797708E-001    8.039354567978E-001    2.975927900352E-002
   -2.750893077207E-001    8.037717881124E-001    2.926108685490E-002
   -2.691733450119E-001    8.036117880383E-001    2.876314527851E-002
   -2.632657559360E-001    8.034554437915E-001    2.826544307275E-002
   -2.573665050365E-001    8.033027426145E-001    2.776796886541E-002
   -2.514755571062E-001    8.031536717763E-001    2.727071106610E-002
   -2.455928771852E-001    8.030082185726E-001    2.677365787317E-002
   -2.397184305582E-001    8.028663703253E-001    2.627679723901E-002
   -2.338521827522E-001    8.027281143828E-001    2.578011682826E-002
   -2.279940995339E-001    8.025934381198E-001    2.528360402396E-002
   -2.221441469079E-001    8.024623289374E-001    2.478724586613E-002
   -2.163022911138E-001    8.023347742630E-001    2.429102902695E-002
   -2.104684986242E-001    8.022107615502E-001    2.379493979150E-002
   -2.046427361426E-001    8.020902782787E-001    2.329896398723E-002
   -1.988249706009E-001    8.019733119545E-001    2.280308696544E-002
   -1.930151691574E-001    8.018598501096E-001    2.230729354263E-002
   -1.872132991945E-001    8.017498803023E-001    2.181156793820E-002
   -1.814193283168E-001    8.016433901167E-001    2.131589373405E-002
   -1.756332243486E-001    8.015403671630E-001    2.082025378839E-002
   -1.698549553322E-001    8.014407990773E-001    2.032463017174E-002
   -1.640844895258E-001    8.013446735219E-001    1.982900408313E-002
   -1.583217954010E-001    8.012519781845E-001    1.933335574759E-002
   -1.525668416415E-001    8.011627007791E-001    1.883766432248E-002
   -1.468195971406E-001    8.010768290453E-001    1.834190776799E-002
   -1.410800309993E-001    8.009943507484E-001    1.784606271486E-002
   -1.353481125246E-001    8.009152536795E-001    1.735010431023E-002
   -1.296238112274E-001    8.008395256555E-001    1.685400603391E-002
   -1.239070968207E-001    8.007671545189E-001    1.635773950433E-002
   -1.181979392175E-001    8.006981281376E-001    1.586127423257E-002
   -1.124963085294E-001    8.006324344053E-001    1.536457735319E-002
   -1.068021750642E-001    8.005700612412E-001    1.486761330958E-002
   -1.011155093247E-001    8.005109965898E-001    1.437034346864E-002
   -9.543628200650E-002    8.004552284215E-001    1.387272569398E-002
   -8.976446399625E-002    8.004027447315E-001    1.337471381807E-002
   -8.410002637015E-002    8.003535335410E-001    1.287625701642E-002
   -7.844294039205E-002    8.003075828960E-001    1.237729906747E-002
   -7.279317751181E-002    8.002648808681E-001    1.187777744299E-002
   -6.715070936359E-002    8.002254155542E-001    1.137762220931E-002
   -6.151550776420E-002    8.001891750762E-001    1.087675467131E-002
   -5.588754471148E-002    8.001561475814E-001    1.037508569149E-002
   -5.026679238263E-002    8.001263212421E-001    9.872513580553E-003
   -4.465322313266E-002    8.000996842557E-001    9.368921422875E-003
   -3.904680949275E-002    8.000762248448E-001    8.864173654756E-003
   -3.344752416872E-002    8.000559312569E-001    8.358111601436E-003
   -2.785534003947E-002    8.000387917645E-001    7.850547588766E-003
   -2.227023015545E-002    8.000247946652E-001    7.341257047673E-003
   -1.669216773710E-002    8.000139282814E-001    6.829967700976E-003
   -1.112112617345E-002    8.000061809604E-001    6.318475929391E-003
   -5.557079020538E-003    8.000015410742E-001    5.621395596182E-003
    0.000000000000E+000    7.999999970198E-001    3.668939195808E-003
    5.557079020538E-003    8.000015410742E-001    5.736024265607E-004
    1.112112617345E-002    8.000061809604E-001    9.985189991316E-007
    1.669216773710E-002    8.000139282814E-001   -1.759140891293E-010
    2.227023015545E-002    8.000247946652E-001    1.592921062269E-002
    2.785534003947E-002    8.000387917645E-001    1.205335143521E-002
    3.344752416872E-002    8.000559312569E-001    6.551461498553E-003
    3.904680949275E-002    8.000762248448E-001    2.555092855727E-003
    4.465322313266E-002    8.000996842557E-001    5.492122537159E-003
    5.026679238263E-002    8.001263212421E-001    1.333794626929E-002
    5.588754471148E-002    8.001561475814E-001    1.442403437619E-002
    6.151550776420E-002    8.001891750762E-001    1.360838555801E-002
    6.715070936359E-002    8.002254155542E-001    1.183884708207E-002
    7.279317751181E-002    8.002648808681E-001    1.120376764318E-002
    7.844294039205E-002    8.003075828960E-001    1.260299772879E-002
    8.410002637015E-002    8.003535335410E-001    1.362650349997E-002
    8.976446399625E-002    8.004027447315E-001    1.444335225641E-002
    9.543628200650E-002    8.004552284215E-001    1.495786955681E-002
    1.011155093247E-001    8.005109965898E-001    1.508042735518E-002
    1.068021750642E-001    8.005700612412E-001    1.557318897211E-002
    1.124963085294E-001    8.006324344053E-001    1.600191945732E-002
    1.181979392175E-001    8.006981281376E-001    1.640783771767E-002
    1.239070968207E-001    8.007671545189E-001    1.698085526580E-002
    1.296238112274E-001    8.008395256555E-001    1.746028782009E-002
    1.353481125246E-001    8.009152536795E-001    1.793718324249E-002
    1.410800309993E-001    8.009943507484E-001    1.841474182934E-002
    1.468195971406E-001    8.010768290453E-001    1.886421488099E-002
    1.525668416415E-001    8.011627007791E-001    1.934753205526E-002
    1.583217954010E-001    8.012519781845E-001    1.982390708204E-002
    1.640844895258E-001    8.013446735219E-001    2.029702737116E-002
    1.698549553322E-001    8.014407990773E-001    2.077878882228E-002
    1.756332243486E-001    8.015403671630E-001    2.125431919430E-002
    1.814193283168E-001    8.016433901167E-001    2.173223370930E-002
    1.872132991945E-001    8.017498803023E-001    2.221104499649E-002
    1.930151691574E-001    8.018598501096E-001    2.268882822679E-002
    1.988249706009E-001    8.019733119545E-001    2.316856803978E-002
    2.046427361426E-001    8.020902782787E-001    2.364825851763E-002
    2.104684986242E-001    8.022107615502E-001    2.412839363093E-002
    2.163022911138E-001    8.023347742630E-001    2.460927633809E-002
    2.221441469079E-001    8.024623289374E-001    2.509037464295E-002
    2.279940995339E-001    8.025934381198E-001    2.557207301171E-002
    2.338521827522E-001    8.027281143828E-001    2.605423738683E-002
    2.397184305582E-001    8.028663703253E-001    2.653684411900E-002
    2.455928771852E-001    8.030082185726E-001    2.701997807441E-002
    2.514755571062E-001    8.031536717763E-001    2.750356568683E-002
    2.573665050365E-001    8.033027426145E-001    2.798764238132E-002
    2.632657559360E-001    8.034554437915E-001    2.847220983121E-002
    2.691733450119E-001    8.036117880383E-001    2.895725262486E-002
    2.750893077207E-001    8.037717881124E-001    2.944278927453E-002
    2.810136797708E-001    8.039354567978E-001    2.992881617779E-002
    2.869464971253E-001    8.041028069050E-001    3.041533281828E-002
    2.928877960045E-001    8.042738512714E-001    3.090234756805E-002
    2.988376128880E-001    8.044486027609E-001    3.138986100665E-002
    3.047959845178E-001    8.046270742641E-001    3.187787522513E-002
    3.107629479010E-001    8.048092786985E-001    3.236639608009E-002
    3.167385403120E-001    8.049952290082E-001    3.285542636085E-002
    3.227227992956E-001    8.051849381644E-001    3.334496931053E-002
    3.287157626697E-001    8.053784191650E-001    3.383503026058E-002
    3.347174685281E-001    8.055756850348E-001    3.432561306782E-002
    3.407279552430E-001    8.057767488258E-001    3.481672198057E-002
    3.467472614685E-001    8.059816236167E-001    3.530836227853E-002
    3.527754261428E-001    8.061903225135E-001    3.580053861406E-002
    3.588124884917E-001    8.064028586490E-001    3.629325601437E-002
    3.648584880312E-001    8.066192451835E-001    3.678651996663E-002
    3.709134645707E-001    8.068394953042E-001    3.728033580882E-002
    3.769774582161E-001    8.070636222255E-001    3.777470916755E-002
    3.830505093728E-001    8.072916391892E-001    3.826964590709E-002
    3.891326587487E-001    8.075235594644E-001    3.876515196106E-002
    3.952239473579E-001    8.077593963474E-001    3.926123347229E-002
    4.013244165231E-001    8.079991631618E-001    3.975789676567E-002
    4.074341078797E-001    8.082428732590E-001    4.025514830745E-002
    4.135530633787E-001    8.084905400174E-001    4.075299473163E-002
    4.196813252900E-001    8.087421768431E-001    4.125144285353E-002
    4.258189362061E-001    8.089977971699E-001    4.175049963334E-002
    4.319659390451E-001    8.092574144589E-001    4.225017220107E-002
    4.381223770549E-001    8.095210421990E-001    4.275046785766E-002
    4.442882938159E-001    8.097886939066E-001    4.325139405114E-002
    4.504637332452E-001    8.100603831260E-001    4.375295840946E-002
    4.566487396003E-001    8.103361234292E-001    4.425516871305E-002
    4.628433574823E-001    8.106159284158E-001    4.475803290821E-002
    4.690476318400E-001    8.108998117134E-001    4.526155911121E-002
    4.752616079736E-001    8.111877869776E-001    4.576575559296E-002
    4.814853315387E-001    8.114798678916E-001    4.627063079942E-002
    4.877188485502E-001    8.117760681668E-001    4.677619333902E-002
    4.939622053858E-001    8.120764015424E-001    4.728245198346E-002
    5.002154487909E-001    8.123808817858E-001    4.778941568081E-002
    5.064786258817E-001    8.126895226925E-001    4.829709354244E-002
    5.127517841503E-001    8.130023380860E-001    4.880549484713E-002
    5.190349714681E-001    8.133193418180E-001    4.931462905702E-002
    5.253282360905E-001    8.136405477684E-001    4.982450579237E-002
    5.316316266612E-001    8.139659698455E-001    5.033513485597E-002
    5.379451922163E-001    8.142956219856E-001    5.084652622924E-002
    5.442689821892E-001    8.146295181535E-001    5.135869005736E-002
    5.506030464147E-001    8.149676723425E-001    5.187163667895E-002
    5.569474351338E-001    8.153100985741E-001    5.238537660514E-002
    5.633021989984E-001    8.156568108984E-001    5.289992052498E-002
    5.696673890757E-001    8.160078233940E-001    5.341527932268E-002
    5.760430568535E-001    8.163631501678E-001    5.393146405484E-002
    5.824292542444E-001    8.167228053557E-001    5.444848597223E-002
    5.888260335915E-001    8.170868031219E-001    5.496635651602E-002
    5.952334476728E-001    8.174551576594E-001    5.548508730849E-002
    6.016515497064E-001    8.178278831900E-001    5.600469017822E-002
    6.080803933560E-001    8.182049939641E-001    5.652517713479E-002
    6.145200327356E-001    8.185865042610E-001    5.704656039472E-002
    6.209705224152E-001    8.189724283887E-001    5.756885236919E-002
    6.274319174262E-001    8.193627806844E-001    5.809206566654E-002
    6.339042732666E-001    8.197575755139E-001    5.861621310851E-002
    6.403876459068E-001    8.201568272721E-001    5.914130770943E-002
    6.468820917952E-001    8.205605503829E-001    5.966736270037E-002
    6.533876678638E-001    8.209687592995E-001    6.019439152143E-002
    6.599044315344E-001    8.213814685037E-001    6.072240781680E-002
    6.664324407238E-001    8.217986925069E-001    6.125142545794E-002
    6.729717538507E-001    8.222204458495E-001    6.178145852348E-002
    6.795224298410E-001    8.226467431012E-001    6.231252131373E-002
    6.860845281346E-001    8.230775988608E-001    6.284462835728E-002
    6.926581086912E-001    8.235130277566E-001    6.337779439781E-002
    6.992432319972E-001    8.239530444463E-001    6.391203441440E-002
    7.058399590717E-001    8.243976636169E-001    6.444736361332E-002
    7.124483514734E-001    8.248468999848E-001    6.498379743199E-002
    7.190684713072E-001    8.253007682960E-001    6.552135154914E-002
    7.257003812310E-001    8.257592833260E-001    6.606004187390E-002
    7.323441444629E-001    8.262224598800E-001    6.659988456816E-002
    7.389998247875E-001    8.266903127925E-001    6.714089602692E-002
    7.456674865640E-001    8.271628569281E-001    6.768309290004E-002
    7.523471947326E-001    8.276401071807E-001    6.822649209197E-002
    7.590390148226E-001    8.281220784743E-001    6.877111074569E-002
    7.657430129594E-001    8.286087857624E-001    6.931696628369E-002
    7.724592558723E-001    8.291002440287E-001    6.986407637200E-002
    7.791878109021E-001    8.295964682864E-001    7.041245894481E-002
    7.859287460094E-001    8.300974735790E-001    7.096213221526E-002
    7.926821297822E-001    8.306032749796E-001    7.151311465028E-002
    7.994480314440E-001    8.311138875917E-001    7.206542500514E-002
    8.062265208625E-001    8.316293265486E-001    7.261908231244E-002
    8.130176685576E-001    8.321496070137E-001    7.317410587953E-002
    8.198215457102E-001    8.326747441809E-001    7.373051531141E-002
    8.266382241708E-001    8.332047532738E-001    7.428833049773E-002
    8.334677764684E-001    8.337396495467E-001    7.484757162404E-002
    8.403102758194E-001    8.342794482839E-001    7.540825917493E-002
    8.471657961370E-001    8.348241648001E-001    7.597041394474E-002
    8.540344120401E-001    8.353738144403E-001    7.653405702298E-002
    8.609161988634E-001    8.359284125803E-001    7.709920982667E-002
    8.678112326662E-001    8.364879746258E-001    7.766589408321E-002
    8.747195902432E-001    8.370525160135E-001    7.823413183550E-002
    8.816413491336E-001    8.376220522103E-001    7.880394547306E-002
    8.885765876317E-001    8.381965987140E-001    7.937535769437E-002
    8.955253847972E-001    8.387761710528E-001    7.994839155166E-002
    9.024878204656E-001    8.393607847857E-001    8.052307043830E-002
    9.094639752589E-001    8.399504555025E-001    8.109941808280E-002
    9.164539305967E-001    8.405451988237E-001    8.167745858855E-002
    9.234577687072E-001    8.411450304007E-001    8.225721639874E-002
    9.304755726381E-001    8.417499659156E-001    8.283871633271E-002
    9.375074262687E-001    8.423600210816E-001    8.342198358315E-002
    9.445534143213E-001    8.429752116429E-001    8.400704370611E-002
    9.516136223729E-001    8.435955533744E-001    8.459392266315E-002
    9.586881368679E-001    8.442210620824E-001    8.518264678525E-002
    9.657770451298E-001    8.448517536042E-001    8.577324281183E-002
    9.728804353742E-001    8.454876438081E-001    8.636573788979E-002
    9.799983967214E-001    8.461287485938E-001    8.696015955856E-002
    9.871310192097E-001    8.467750838921E-001    8.755653580053E-002
    9.942783938083E-001    8.474266656651E-001    8.815489500314E-002
    1.001440612431E+000    8.480835099063E-001    8.875526599301E-002
    1.008617767951E+000    8.487456326405E-001    8.935767804668E-002
    1.015809954212E+000    8.494130499240E-001    8.996216087003E-002
    1.023017266046E+000    8.500857778445E-001    9.056874464352E-002
    1.030239799287E+000    8.507638325211E-001    9.117746000505E-002
    1.037477650784E+000    8.514472301048E-001    9.178833805996E-002
    1.044730918417E+000    8.521359867778E-001    9.240141041061E-002
    1.051999701114E+000    8.528301187542E-001    9.301670913623E-002
    1.059284098866E+000    8.535296422798E-001    9.363426682122E-002
    1.066584212741E+000    8.542345736321E-001    9.425411656831E-002
    1.073900144903E+000    8.549449291202E-001    9.487629198162E-002
    1.081231998628E+000    8.556607250854E-001    9.550082721447E-002
    1.088579878320E+000    8.563819779006E-001    9.612775694718E-002
    1.095943889530E+000    8.571087039707E-001    9.675711641089E-002
    1.103324138971E+000    8.578409197327E-001    9.738894140883E-002
    1.110720734540E+000    8.585786416554E-001    9.802326829762E-002
    1.118133785332E+000    8.593218862398E-001    9.866013403717E-002
    1.125563401663E+000    8.600706700191E-001    9.929957616637E-002
    1.133009695086E+000    8.608250095584E-001    9.994163283862E-002
    1.140472778411E+000    8.615849214554E-001    1.005863428279E-001
    1.147952765727E+000    8.623504223397E-001    1.012337455302E-001
    1.155449772421E+000    8.631215288733E-001    1.018838809999E-001
    1.162963915197E+000    8.638982577506E-001    1.025367899350E-001
    1.170495312100E+000    8.646806256985E-001    1.031925137145E-001
    1.178044082537E+000    8.654686494761E-001    1.038510943994E-001
    1.185610347298E+000    8.662623458751E-001    1.045125747452E-001
    1.193194228579E+000    8.670617317199E-001    1.051769982340E-001
    1.200795850007E+000    8.678668238672E-001    1.058444090593E-001
    1.208415336658E+000    8.686776392066E-001    1.065148521766E-001
    1.216052815089E+000    8.694941946602E-001    1.071883732916E-001
    1.223708413355E+000    8.703165071828E-001    1.078650188847E-001
    1.231382261039E+000    8.711445937622E-001    1.085448362435E-001
    1.239074489276E+000    8.719784714188E-001    1.092278734493E-001
    1.246785230777E+000    8.728181572059E-001    1.099141794209E-001
    1.254514619861E+000    8.736636682100E-001    1.106038039291E-001
    1.262262792477E+000    8.745150215501E-001    1.112967975935E-001
    1.270029886233E+000    8.753722343786E-001    1.119932119345E-001
    1.277816040429E+000    8.762353238807E-001    1.126930993711E-001
    1.285621396078E+000    8.771043072749E-001    1.133965132405E-001
    1.293446095944E+000    8.779792018128E-001    1.141035078335E-001
    1.301290284569E+000    8.788600247791E-001    1.148141384098E-001
    1.309154108300E+000    8.797467934920E-001    1.155284612013E-001
    1.317037715330E+000    8.806395253027E-001    1.162465334722E-001
    1.324941255722E+000    8.815382375959E-001    1.169684135147E-001
    1.332864881448E+000    8.824429477898E-001    1.176941606592E-001
    1.340808746418E+000    8.833536733358E-001    1.184238353630E-001
    1.348773006521E+000    8.842704317191E-001    1.191574991472E-001
    1.356757819656E+000    8.851932404581E-001    1.198952146882E-001
    1.364763345770E+000    8.861221171051E-001    1.206370458410E-001
    1.372789746895E+000    8.870570792459E-001    1.213830576056E-001
    1.380837187188E+000    8.879981444999E-001    1.221333162446E-001
    1.388905832968E+000    8.889453305205E-001    1.228878892505E-001
    1.396995852756E+000    8.898986549945E-001    1.236468453729E-001
    1.405107417318E+000    8.908581356429E-001    1.244102547143E-001
    1.413240699706E+000    8.918237902205E-001    1.251781886774E-001
    1.421395875302E+000    8.927956365158E-001    1.259507200502E-001
    1.429573121860E+000    8.937736923516E-001    1.267279230514E-001
    1.437772619552E+000    8.947579755845E-001    1.275098732992E-001
    1.445994551016E+000    8.957485041053E-001    1.282966479284E-001
    1.454239101401E+000    8.967452958388E-001    1.290883255774E-001
    1.462506458420E+000    8.977483687443E-001    1.298849864220E-001
    1.470796812392E+000    8.987577408148E-001    1.306867122662E-001
    1.479110356301E+000    8.997734300781E-001    1.314935865163E-001
    1.487447285845E+000    9.007954545960E-001    1.323056942728E-001
    1.495807799490E+000    9.018238324648E-001    1.331231223581E-001
    1.504192098524E+000    9.028585818151E-001    1.339459593448E-001
    1.512600387115E+000    9.038997208122E-001    1.347742956379E-001
    1.521032872371E+000    9.049472676557E-001    1.356082234820E-001
    1.529489764394E+000    9.060012405800E-001    1.364478370441E-001
    1.537971276346E+000    9.070616578538E-001    1.372932324477E-001
    1.546477624511E+000    9.081285377807E-001    1.381445078183E-001
    1.555009028356E+000    9.092018986991E-001    1.390017633699E-001
    1.563565710600E+000    9.102817589820E-001    1.398651014137E-001
    1.572147897283E+000    9.113681370372E-001    1.407346264590E-001
    1.580755817833E+000    9.124610513074E-001    1.416104452557E-001
    1.589389705137E+000    9.135605202705E-001    1.424926668389E-001
    1.598049795619E+000    9.146665624389E-001    1.433814026370E-001
    1.606736329309E+000    9.157791963603E-001    1.442767664880E-001
    1.615449549928E+000    9.168984406176E-001    1.451788747426E-001
    1.624189704960E+000    9.180243138284E-001    1.460878463271E-001
    1.632957045742E+000    9.191568346459E-001    1.470038028011E-001
    1.641751827542E+000    9.202960217583E-001    1.479268684608E-001
    1.650574309647E+000    9.214418938891E-001    1.488571703905E-001
    1.659424755456E+000    9.225944697971E-001    1.497948385651E-001
    1.668303432567E+000    9.237537682766E-001    1.507400059179E-001
    1.677210612874E+000    9.249198081572E-001    1.516928084437E-001
    1.686146572664E+000    9.260926083040E-001    1.526533852720E-001
    1.695111592716E+000    9.272721876176E-001    1.536218787774E-001
    1.704105958405E+000    9.284585650343E-001    1.545984346654E-001
    1.713129959806E+000    9.296517595259E-001    1.555832020730E-001
    1.722183891807E+000    9.308517900999E-001    1.565763336886E-001
    1.731268054217E+000    9.320586757995E-001    1.575779858295E-001
    1.740382751885E+000    9.332724357039E-001    1.585883185943E-001
    1.749528294819E+000    9.344930889278E-001    1.596074959406E-001
    1.758704998305E+000    9.357206546221E-001    1.606356858296E-001
    1.767913183042E+000    9.369551519733E-001    1.616730603551E-001
    1.777153175263E+000    9.381966002041E-001    1.627197958397E-001
    1.786425306880E+000    9.394450185732E-001    1.637760730254E-001
    1.795729915613E+000    9.407004263755E-001    1.648420771577E-001
    1.805067345141E+000    9.419628429417E-001    1.659179981670E-001
    1.814437945247E+000    9.432322876391E-001    1.670040308201E-001
    1.823842071972E+000    9.445087798710E-001    1.681003748458E-001
    1.833280087771E+000    9.457923390770E-001    1.692072351467E-001
    1.842752361678E+000    9.470829847331E-001    1.703248219282E-001
    1.852259269475E+000    9.483807363517E-001    1.714533508979E-001
    1.861801193863E+000    9.496856134816E-001    1.725930434485E-001
    1.871378524643E+000    9.509976357082E-001    1.737441268440E-001
    1.880991658903E+000    9.523168226533E-001    1.749068344197E-001
    1.890641001210E+000    9.536431939754E-001    1.760814058062E-001
    1.900326963806E+000    9.549767693697E-001    1.772680871187E-001
    1.910049966818E+000    9.563175685681E-001    1.784671312126E-001
    1.919810438466E+000    9.576656113390E-001    1.796787979046E-001
    1.929608815287E+000    9.590209174880E-001    1.809033542091E-001
    1.939445542358E+000    9.603835068572E-001    1.821410746311E-001
    1.949321073539E+000    9.617533993261E-001    1.833922413819E-001
    1.959235871709E+000    9.631306148106E-001    1.846571447091E-001
    1.969190409028E+000    9.645151732640E-001    1.859360831591E-001
    1.979185167191E+000    9.659070946765E-001    1.872293638796E-001
    1.989220637705E+000    9.673063990756E-001    1.885373029703E-001
    1.999297322171E+000    9.687131065258E-001    1.898602257687E-001
    2.009415732574E+000    9.701272371288E-001    1.911984672394E-001
    2.019576391589E+000    9.715488110239E-001    1.925523723193E-001
    2.029779832893E+000    9.729778483874E-001    1.939222962899E-001
    2.040026601496E+000    9.744143694330E-001    1.953086052006E-001
    2.050317254080E+000    9.758583944122E-001    1.967116762623E-001
    2.060652359347E+000    9.773099436135E-001    1.981318982905E-001
    2.071032498392E+000    9.787690373634E-001    1.995696721770E-001
    2.081458265082E+000    9.802356960256E-001    2.010254113416E-001
    2.091930266451E+000    9.817099400018E-001    2.024995422612E-001
    2.102449123114E+000    9.831917897312E-001    2.039925049826E-001
    2.113015469696E+000    9.846812656909E-001    2.055047536726E-001
    2.123629955279E+000    9.861783883956E-001    2.070367572128E-001
    2.134293243867E+000    9.876831783980E-001    2.085889997903E-001
    2.145006014870E+000    9.891956562889E-001    2.101619815504E-001
    2.155768963610E+000    9.907158426967E-001    2.117562192667E-001
    2.166582801847E+000    9.922437582882E-001    2.133722470355E-001
    2.177448258331E+000    9.937794237679E-001    2.150106170441E-001
    2.188366079370E+000    9.953228598788E-001    2.166719003187E-001
    2.199337029434E+000    9.968740874019E-001    2.183566875783E-001
    2.210361891774E+000    9.984331271564E-001    2.200655900852E-001
    2.221441469079E+000    1.000000000000E+000    2.217992405470E-001
    2.232576584157E+000    1.001574726829E+000    2.235582941151E-001
    2.243768080646E+000    1.003157328576E+000    2.253434293473E-001
    2.255016823761E+000    1.004747826216E+000    2.271553493225E-001
    2.266323701077E+000    1.006346240759E+000    2.289947827487E-001
    2.277689623344E+000    1.007952593256E+000    2.308624851439E-001
    2.289115525342E+000    1.009566904794E+000    2.327592401299E-001
    2.300602366780E+000    1.011189196501E+000    2.346858607218E-001
    2.312151133238E+000    1.012819489543E+000    2.366431907643E-001
    2.323762837151E+000    1.014457805124E+000    2.386321064125E-001
    2.335438518846E+000    1.016104164488E+000    2.406535176957E-001
    2.347179247632E+000    1.017758588918E+000    2.427083702092E-001
    2.358986122940E+000    1.019421099734E+000    2.447976468588E-001
    2.370860275523E+000    1.021091718297E+000    2.469223697532E-001
    2.382802868727E+000    1.022770466007E+000    2.490836021853E-001
    2.394815099814E+000    1.024457364302E+000    2.512824507428E-001
    2.406898201365E+000    1.026152434660E+000    2.535200675541E-001
    2.419053442758E+000    1.027855698597E+000    2.557976526700E-001
    2.431282131724E+000    1.029567177670E+000    2.581164565909E-001
    2.443585615987E+000    1.031286893474E+000    2.604777829752E-001
    2.455965284999E+000    1.033014867645E+000    2.628829914927E-001
    2.468422571772E+000    1.034751121856E+000    2.653335008941E-001
    2.480958954813E+000    1.036495677822E+000    2.678307922628E-001
    2.493575960174E+000    1.038248557295E+000    2.703764124886E-001
    2.506275163617E+000    1.040009782070E+000    2.729719779815E-001
    2.519058192916E+000    1.041779373978E+000    2.756191786276E-001
    2.531926730287E+000    1.043557354892E+000    2.783197820230E-001
    2.544882514977E+000    1.045343746724E+000    2.810756380054E-001
    2.557927346005E+000    1.047138571426E+000    2.838886834883E-001
    2.571063085078E+000    1.048941850990E+000    2.867609476619E-001
    2.584291659695E+000    1.050753607448E+000    2.896945575427E-001
    2.597615066446E+000    1.052573862872E+000    2.926917439403E-001
    2.611035374530E+000    1.054402639373E+000    2.957548478624E-001
    2.624554729511E+000    1.056239959104E+000    2.988863273771E-001
    2.638175357314E+000    1.058085844256E+000    3.020887650139E-001
    2.651899568511E+000    1.059940317063E+000    3.053648757042E-001
    2.665729762895E+000    1.061803399796E+000    3.087175153388E-001
    2.679668434378E+000    1.063675114769E+000    3.121496899875E-001
    2.693718176240E+000    1.065555484335E+000    3.156645658404E-001
    2.707881686766E+000    1.067444530887E+000    3.192654799249E-001
    2.722161775295E+000    1.069342276861E+000    3.229559517029E-001
    2.736561368723E+000    1.071248744731E+000    3.267396955767E-001
    2.751083518512E+000    1.073163957013E+000    3.306206344393E-001
    2.765731408239E+000    1.075087936262E+000    3.346029143383E-001
    2.780508361745E+000    1.077020705076E+000    3.386909203532E-001
    2.795417851943E+000    1.078962286092E+000    3.428892938312E-001
    2.810463510348E+000    1.080912701989E+000    3.472029510825E-001
    2.825649137408E+000    1.082871975486E+000    3.516371036802E-001
    2.840978713717E+000    1.084840129344E+000    3.561972805507E-001
    2.856456412196E+000    1.086817186364E+000    3.608893519783E-001
    2.872086611364E+000    1.088803169389E+000    3.657195557635E-001
    2.887873909803E+000    1.090798101301E+000    3.706945257178E-001
    2.903823141964E+000    1.092802005026E+000    3.758213227313E-001
    2.919939395457E+000    1.094814903530E+000    3.811074686857E-001
    2.936228030009E+000    1.096836819820E+000    3.865609834763E-001
    2.952694698289E+000    1.098867776945E+000    3.921904254688E-001
    2.969345368824E+000    1.100907797995E+000    3.980049357282E-001
    2.986186351276E+000    1.102956906101E+000    4.040142863979E-001
    3.003224324379E+000    1.105015124437E+000    4.102289336342E-001
    3.020466366889E+000    1.107082476217E+000    4.166600755530E-001
    3.037919991950E+000    1.109158984697E+000    4.233197156595E-001
    3.055593185363E+000    1.111244673176E+000    4.302207322939E-001
    3.073494448282E+000    1.113339564993E+000    4.373769546356E-001
    3.091632845022E+000    1.115443683530E+000    4.448032458612E-001
    3.110018056711E+000    1.117557052210E+000    4.525155940502E-001
    3.128660441703E+000    1.119679694499E+000    4.605312114640E-001
    3.147571103817E+000    1.121811633904E+000    4.688686427865E-001
    3.166761969684E+000    1.123952893974E+000    4.775478828967E-001
    3.186245876723E+000    1.126103498301E+000    4.865905046341E-001
    3.206036673593E+000    1.128263470519E+000    4.960197968848E-001
    3.226149335366E+000    1.130432834303E+000    5.058609130670E-001
    3.246600096119E+000    1.132611613373E+000    5.161410297342E-001
    3.267406602305E+000    1.134799831487E+000    5.268895144704E-001
    3.288588091013E+000    1.136997512450E+000    5.381381014823E-001
    3.310165598245E+000    1.139204680107E+000    5.499210721558E-001
    3.332162203619E+000    1.141421358345E+000    5.622754362985E-001
    3.354603319618E+000    1.143647571095E+000    5.752411075503E-001
    3.377517035698E+000    1.145883342330E+000    5.888610633956E-001
    3.400934530549E+000    1.148128696067E+000    6.031814759403E-001
    3.424890569762E+000    1.150383656363E+000    6.182517937483E-001
    3.449424111579E+000    1.152648247320E+000    6.341247469792E-001
    3.474579050888E+000    1.154922493082E+000    6.508562370310E-001
    3.500405142082E+000    1.157206417836E+000    6.685050568784E-001
    3.526959156345E+000    1.159500045813E+000    6.871323679116E-001
    3.554306350527E+000    1.161803401286E+000    7.068008315962E-001
    3.582522356727E+000    1.164116508571E+000    7.275732573941E-001
    3.611695649952E+000    1.166439392027E+000    7.495105793154E-001
    3.641930825938E+000    1.168772076058E+000    7.726689086467E-001
    3.673353040061E+000    1.171114585109E+000    7.970953254930E-001
    3.706114153491E+000    1.173466943669E+000    8.228219610101E-001
    3.740401465055E+000    1.175829176272E+000    8.498577766611E-001
    3.776450497435E+000    1.178201307493E+000    8.781772480523E-001
    3.814564407441E+000    1.180583361953E+000    9.077048601809E-001
    3.855144770232E+000    1.182975364313E+000    9.382937712037E-001
    3.898743128888E+000    1.185377339283E+000    9.696957381452E-001
    3.946153524869E+000    1.187789311611E+000    1.001516039264E+000
    3.998594644343E+000    1.190211306093E+000    1.033141692982E+000
    4.058117989110E+000    1.192643347567E+000    1.064592484687E+000
    4.128723672800E+000    1.195085460915E+000    1.080365488629E+000
    4.220738791251E+000    1.197537671063E+000    1.086520047937E+000
    4.442882938159E+000    1.200000002980E+000    1.177862026132E+000
    4.665027085067E+000    1.197537671063E+000    1.195841996998E+000
    4.757042203518E+000    1.195085460915E+000    1.196031740597E+000
    4.827647887207E+000    1.192643347567E+000    1.192695157470E+000
    4.887171231975E+000    1.190211306093E+000    1.193248825041E+000
