   -6.283185307180E-002    1.798421382743E+000    1.794109754918E+000
   -4.712388980385E-002    1.799111899970E+000    1.794776234448E+000
   -3.141592653590E-002    1.799605248293E+000    1.795252389904E+000
   -1.570796326795E-002    1.799901305985E+000    1.795538122098E+000
    0.000000000000E+000    1.800000000000E+000    1.795633373026E+000
    1.570796326795E-002    1.799901305985E+000    1.795538122098E+000
    3.141592653590E-002    1.799605248293E+000    1.795252389904E+000
    4.712388980385E-002    1.799111899970E+000    1.794776234448E+000
    6.283185307180E-002    1.798421382743E+000    1.794109754918E+000
    7.853981633975E-002    1.797533866987E+000    1.793253087920E+000
    9.424777960770E-002    1.796449571682E+000    1.792206411248E+000
    1.099557428757E-001    1.795168764364E+000    1.790969940127E+000
    1.256637061436E-001    1.793691761052E+000    1.789543930980E+000
    1.413716694115E-001    1.792018926173E+000    1.787928677671E+000
    1.570796326795E-001    1.790150672476E+000    1.786124515282E+000
    1.727875959475E-001    1.788087460924E+000    1.784131816346E+000
    1.884955592154E-001    1.785829800583E+000    1.781950994642E+000
    2.042035224833E-001    1.783378248497E+000    1.779582501411E+000
    2.199114857513E-001    1.780733409551E+000    1.777026829167E+000
    2.356194490193E-001    1.777895936318E+000    1.774284507903E+000
    2.513274122872E-001    1.774866528903E+000    1.771356108917E+000
    2.670353755552E-001    1.771645934766E+000    1.768242241001E+000
    2.827433388231E-001    1.768234948542E+000    1.764943554285E+000
    2.984513020911E-001    1.764634411839E+000    1.761460736408E+000
    3.141592653590E-001    1.760845213036E+000    1.757794516385E+000
    3.298672286270E-001    1.756868287062E+000    1.753945660751E+000
    3.455751918949E-001    1.752704615163E+000    1.749914977451E+000
    3.612831551629E-001    1.748355224664E+000    1.745703311964E+000
    3.769911184308E-001    1.743821188711E+000    1.741311551214E+000
    3.926990816988E-001    1.739103626009E+000    1.736740619660E+000
    4.084070449667E-001    1.734203700547E+000    1.731991483242E+000
    4.241150082347E-001    1.729122621308E+000    1.727065145434E+000
    4.398229715026E-001    1.723861641973E+000    1.721962651216E+000
    4.555309347706E-001    1.718422060608E+000    1.716685083098E+000
    4.712388980385E-001    1.712805219351E+000    1.711233565115E+000
    4.869468613065E-001    1.707012504071E+000    1.705609258814E+000
    5.026548245744E-001    1.701045344035E+000    1.699813367280E+000
    5.183627878424E-001    1.694905211551E+000    1.693847131078E+000
    5.340707511103E-001    1.688593621603E+000    1.687711832317E+000
    5.497787143782E-001    1.682112131483E+000    1.681408790539E+000
    5.654866776462E-001    1.675462340402E+000    1.674939366819E+000
    5.811946409142E-001    1.668645889095E+000    1.668304959601E+000
    5.969026041821E-001    1.661664459420E+000    1.661507008841E+000
    6.126105674501E-001    1.654519773940E+000    1.654546991775E+000
    6.283185307180E-001    1.647213595500E+000    1.647426427110E+000
    6.440264939860E-001    1.639747726790E+000    1.640146870723E+000
    6.597344572539E-001    1.632124009901E+000    1.632709919901E+000
    6.754424205218E-001    1.624344325871E+000    1.625117208963E+000
    6.911503837898E-001    1.616410594221E+000    1.617370413546E+000
    7.068583470578E-001    1.608324772480E+000    1.609471246157E+000
    7.225663103257E-001    1.600088855704E+000    1.601421460503E+000
    7.382742735937E-001    1.591704875983E+000    1.593222846953E+000
    7.539822368616E-001    1.583174901937E+000    1.584877236934E+000
    7.696902001296E-001    1.574501038211E+000    1.576386498290E+000
    7.853981633975E-001    1.565685424949E+000    1.567752539739E+000
    8.011061266655E-001    1.556730237274E+000    1.558977306126E+000
    8.168140899334E-001    1.547637684743E+000    1.550062782950E+000
    8.325220532014E-001    1.538410010808E+000    1.541010991497E+000
    8.482300164693E-001    1.529049492259E+000    1.531823993442E+000
    8.639379797373E-001    1.519558438664E+000    1.522503885852E+000
    8.796459430052E-001    1.509939191799E+000    1.513052805866E+000
    8.953539062732E-001    1.500194125069E+000    1.503472925565E+000
    9.110618695411E-001    1.490325642922E+000    1.493766456729E+000
    9.267698328091E-001    1.480336180261E+000    1.483935645562E+000
    9.424777960770E-001    1.470228201834E+000    1.473982777538E+000
    9.581857593450E-001    1.460004201635E+000    1.463910171962E+000
    9.738937226129E-001    1.449666702282E+000    1.453720186914E+000
    9.896016858809E-001    1.439218254398E+000    1.443415213639E+000
    1.005309649149E+000    1.428661435983E+000    1.432997681590E+000
    1.021017612417E+000    1.417998851773E+000    1.422470052629E+000
    1.036725575685E+000    1.407233132600E+000    1.411834826189E+000
    1.052433538953E+000    1.396366934746E+000    1.401094533263E+000
    1.068141502221E+000    1.385402939281E+000    1.390251741694E+000
    1.083849465489E+000    1.374343851408E+000    1.379309049940E+000
    1.099557428756E+000    1.363192399792E+000    1.368269092502E+000
    1.115265392024E+000    1.351951335885E+000    1.357134533444E+000
    1.130973355292E+000    1.340623433252E+000    1.345908071968E+000
    1.146681318560E+000    1.329211486884E+000    1.334592435680E+000
    1.162389281828E+000    1.317718312508E+000    1.323190386324E+000
    1.178097245096E+000    1.306146745892E+000    1.311704712761E+000
    1.193805208364E+000    1.294499642148E+000    1.300138236894E+000
    1.209513171632E+000    1.282779875023E+000    1.288493806324E+000
    1.225221134900E+000    1.270990336196E+000    1.276774300489E+000
    1.240929098168E+000    1.259133934558E+000    1.264982622981E+000
    1.256637061436E+000    1.247213595500E+000    1.253121707905E+000
    1.272345024704E+000    1.235232260186E+000    1.241194511832E+000
    1.288052987972E+000    1.223192884831E+000    1.229204020415E+000
    1.303760951240E+000    1.211098439972E+000    1.217153239936E+000
    1.319468914508E+000    1.198951909732E+000    1.205045204208E+000
    1.335176877776E+000    1.186756291085E+000    1.192882965684E+000
    1.350884841044E+000    1.174514593117E+000    1.180669602680E+000
    1.366592804312E+000    1.162229836285E+000    1.168408210005E+000
    1.382300767580E+000    1.149905051669E+000    1.156101906541E+000
    1.398008730848E+000    1.137543280223E+000    1.143753825358E+000
    1.413716694116E+000    1.125147572032E+000    1.131367121692E+000
    1.429424657383E+000    1.112720985550E+000    1.118944962493E+000
    1.445132620651E+000    1.100266586851E+000    1.106490534861E+000
    1.460840583919E+000    1.087787448873E+000    1.094007034966E+000
    1.476548547187E+000    1.075286650655E+000    1.081497677005E+000
    1.492256510455E+000    1.062767276582E+000    1.068965681432E+000
    1.507964473723E+000    1.050232415623E+000    1.056414284506E+000
    1.523672436991E+000    1.037685160568E+000    1.043846725762E+000
    1.539380400259E+000    1.025128607262E+000    1.031266258230E+000
    1.555088363527E+000    1.012565853849E+000    1.018676135065E+000
    1.570796326795E+000    9.999999999999E-001    1.006079620540E+000
    1.586504290063E+000    9.874341461505E-001    9.934799757335E-001
    1.602212253331E+000    9.748713927374E-001    9.808804704061E-001
    1.617920216599E+000    9.623148394322E-001    9.682843676498E-001
    1.633628179867E+000    9.497675843765E-001    9.556949367685E-001
    1.649336143135E+000    9.372327234176E-001    9.431154367655E-001
    1.665044106403E+000    9.247133493451E-001    9.305491303799E-001
    1.680752069671E+000    9.122125511271E-001    9.179992662686E-001
    1.696460032939E+000    8.997334131485E-001    9.054690943714E-001
    1.712167996207E+000    8.872790144498E-001    8.929618466206E-001
    1.727875959475E+000    8.748524279677E-001    8.804807538379E-001
    1.743583922742E+000    8.624567197764E-001    8.680290247733E-001
    1.759291886010E+000    8.500949483313E-001    8.556098647730E-001
    1.774999849278E+000    8.377701637147E-001    8.432264529138E-001
    1.790707812546E+000    8.254854068827E-001    8.308819627206E-001
    1.806415775814E+000    8.132437089152E-001    8.185795371189E-001
    1.822123739082E+000    8.010480902680E-001    8.063223115334E-001
    1.837831702350E+000    7.889015600276E-001    7.941133863231E-001
    1.853539665618E+000    7.768071151685E-001    7.819558526543E-001
    1.869247628886E+000    7.647677398141E-001    7.698527620163E-001
    1.884955592154E+000    7.527864044999E-001    7.578071553382E-001
    1.900663555422E+000    7.408660654414E-001    7.458220290948E-001
    1.916371518690E+000    7.290096638037E-001    7.339003682326E-001
    1.932079481958E+000    7.172201249765E-001    7.220451082696E-001
    1.947787445226E+000    7.055003578522E-001    7.102591727115E-001
    1.963495408494E+000    6.938532541078E-001    6.985454304153E-001
    1.979203371762E+000    6.822816874921E-001    6.869067383239E-001
    1.994911335030E+000    6.707885131158E-001    6.753458931935E-001
    2.010619298298E+000    6.593765667478E-001    6.638656806637E-001
    2.026327261566E+000    6.480486641152E-001    6.524688202301E-001
    2.042035224834E+000    6.368076002083E-001    6.411580219086E-001
    2.057743188101E+000    6.256561485914E-001    6.299359230576E-001
    2.073451151369E+000    6.145970607185E-001    6.188051542044E-001
    2.089159114637E+000    6.036330652540E-001    6.077682659657E-001
    2.104867077905E+000    5.927668673996E-001    5.968278060092E-001
    2.120575041173E+000    5.820011482271E-001    5.859862338546E-001
    2.136283004441E+000    5.713385640167E-001    5.752460114774E-001
    2.151990967709E+000    5.607817456014E-001    5.646095031631E-001
    2.167698930977E+000    5.503332977182E-001    5.540790829688E-001
    2.183406894245E+000    5.399957983653E-001    5.436570159915E-001
    2.199114857513E+000    5.297717981659E-001    5.333455868524E-001
    2.214822820781E+000    5.196638197392E-001    5.231469576526E-001
    2.230530784049E+000    5.096743570775E-001    5.130633229259E-001
    2.246238747317E+000    4.998058749313E-001    5.030967380704E-001
    2.261946710585E+000    4.900608082010E-001    4.932493079600E-001
    2.277654673853E+000    4.804415613358E-001    4.835229775872E-001
    2.293362637121E+000    4.709505077410E-001    4.739197639135E-001
    2.309070600389E+000    4.615899891921E-001    4.644414975656E-001
    2.324778563657E+000    4.523623152570E-001    4.550901108130E-001
    2.340486526925E+000    4.432697627261E-001    4.458673150195E-001
    2.356194490193E+000    4.343145750507E-001    4.367749622517E-001
    2.371902453460E+000    4.254989617894E-001    4.278146371777E-001
    2.387610416728E+000    4.168250980628E-001    4.189881163569E-001
    2.403318379996E+000    4.082951240170E-001    4.102968444569E-001
    2.419026343264E+000    3.999111442955E-001    4.017425247826E-001
    2.434734306532E+000    3.916752275199E-001    3.933264366958E-001
    2.450442269800E+000    3.835894057793E-001    3.850502052365E-001
    2.466150233068E+000    3.756556741293E-001    3.769148976085E-001
    2.481858196336E+000    3.678759900994E-001    3.689220422197E-001
    2.497566159604E+000    3.602522732102E-001    3.610724145968E-001
    2.513274122872E+000    3.527864045000E-001    3.533674131630E-001
    2.528982086140E+000    3.454802260599E-001    3.458074057618E-001
    2.544690049408E+000    3.383355405803E-001    3.383936324031E-001
    2.560398012676E+000    3.313541109053E-001    3.311259275902E-001
    2.576105975944E+000    3.245376595983E-001    3.240054278443E-001
    2.591813939212E+000    3.178878685167E-001    3.170314003370E-001
    2.607521902480E+000    3.114063783968E-001    3.102052112864E-001
    2.623229865748E+000    3.050947884494E-001    3.035258440893E-001
    2.638937829016E+000    2.989546559648E-001    2.969958593583E-001
    2.654645792284E+000    2.929874959290E-001    2.906148828485E-001
    2.670353755552E+000    2.871947806492E-001    2.843886651990E-001
    2.686061718819E+000    2.815779393914E-001    2.783191423823E-001
    2.701769682087E+000    2.761383580271E-001    2.724181607988E-001
    2.717477645355E+000    2.708773786916E-001    2.666912505669E-001
    2.733185608623E+000    2.657962994528E-001    2.611581864636E-001
    2.748893571891E+000    2.608963739909E-001    2.558248569119E-001
    2.764601535159E+000    2.561788112893E-001    2.507143009909E-001
    2.780309498427E+000    2.516447753361E-001    2.458169280110E-001
    2.796017461695E+000    2.472953848366E-001    2.411407318979E-001
    2.811725424963E+000    2.431317129379E-001    2.366256824501E-001
    2.827433388231E+000    2.391547869638E-001    2.322364634915E-001
    2.843141351499E+000    2.353655881613E-001    2.278222773900E-001
    2.858849314767E+000    2.317650514584E-001    2.233066990104E-001
    2.874557278035E+000    2.283540652337E-001    2.184591789275E-001
    2.890265241303E+000    2.251334710971E-001    2.132882949939E-001
    2.905973204571E+000    2.221040636818E-001    2.076300633294E-001
    2.921681167839E+000    2.192665904490E-001    2.019292419169E-001
    2.937389131107E+000    2.166217515026E-001    1.963392279770E-001
    2.953097094375E+000    2.141701994170E-001    1.921930055252E-001
    2.968805057643E+000    2.119125390762E-001    1.896785952173E-001
    2.984513020911E+000    2.098493275239E-001    1.907780801860E-001
    3.000220984178E+000    2.079810738267E-001    1.936843263279E-001
    3.015928947446E+000    2.063082389484E-001    2.006941073723E-001
    3.031636910714E+000    2.048312356358E-001    2.060673652667E-001
    3.047344873982E+000    2.035504283175E-001    2.152252840308E-001
    3.063052837250E+000    2.024661330135E-001    2.165039140444E-001
    3.078760800518E+000    2.015786172574E-001    2.216042132877E-001
    3.094468763786E+000    2.008881000304E-001    2.047755097184E-001
    3.110176727054E+000    2.003947517074E-001    1.860291753923E-001
    3.125884690322E+000    2.000986940147E-001    9.911855631871E-002
    3.141592653590E+000    2.000000000000E-001   -3.688070745929E-005
    3.157300616858E+000    2.000986940147E-001    9.911855589507E-002
    3.173008580126E+000    2.003947517074E-001    1.860291753937E-001
    3.188716543394E+000    2.008881000304E-001    2.047755097172E-001
    3.204424506662E+000    2.015786172574E-001    2.216042132887E-001
    3.220132469930E+000    2.024661330135E-001    2.165039140443E-001
    3.235840433198E+000    2.035504283176E-001    2.152252840312E-001
    3.251548396466E+000    2.048312356359E-001    2.060673652668E-001
    3.267256359734E+000    2.063082389484E-001    2.006941073727E-001
    3.282964323002E+000    2.079810738268E-001    1.936843263281E-001
    3.298672286270E+000    2.098493275239E-001    1.907780801862E-001
    3.314380249537E+000    2.119125390762E-001    1.896785952174E-001
    3.330088212805E+000    2.141701994171E-001    1.921930055252E-001
    3.345796176073E+000    2.166217515026E-001    1.963392279770E-001
    3.361504139341E+000    2.192665904490E-001    2.019292419169E-001
    3.377212102609E+000    2.221040636819E-001    2.076300633294E-001
    3.392920065877E+000    2.251334710971E-001    2.132882949939E-001
    3.408628029145E+000    2.283540652338E-001    2.184591789276E-001
    3.424335992413E+000    2.317650514585E-001    2.233066990105E-001
    3.440043955681E+000    2.353655881614E-001    2.278222773901E-001
    3.455751918949E+000    2.391547869639E-001    2.322364634917E-001
    3.471459882217E+000    2.431317129380E-001    2.366256824503E-001
    3.487167845485E+000    2.472953848367E-001    2.411407318980E-001
    3.502875808753E+000    2.516447753362E-001    2.458169280112E-001
    3.518583772021E+000    2.561788112895E-001    2.507143009911E-001
    3.534291735289E+000    2.608963739910E-001    2.558248569121E-001
    3.549999698557E+000    2.657962994529E-001    2.611581864637E-001
    3.565707661825E+000    2.708773786917E-001    2.666912505671E-001
    3.581415625093E+000    2.761383580273E-001    2.724181607990E-001
    3.597123588361E+000    2.815779393916E-001    2.783191423825E-001
    3.612831551629E+000    2.871947806494E-001    2.843886651991E-001
    3.628539514896E+000    2.929874959291E-001    2.906148828487E-001
    3.644247478164E+000    2.989546559650E-001    2.969958593584E-001
    3.659955441432E+000    3.050947884495E-001    3.035258440894E-001
    3.675663404700E+000    3.114063783969E-001    3.102052112866E-001
    3.691371367968E+000    3.178878685168E-001    3.170314003372E-001
    3.707079331236E+000    3.245376595985E-001    3.240054278445E-001
    3.722787294504E+000    3.313541109055E-001    3.311259275904E-001
    3.738495257772E+000    3.383355405805E-001    3.383936324033E-001
    3.754203221040E+000    3.454802260601E-001    3.458074057620E-001
    3.769911184308E+000    3.527864045002E-001    3.533674131632E-001
    3.785619147576E+000    3.602522732104E-001    3.610724145970E-001
    3.801327110844E+000    3.678759900996E-001    3.689220422199E-001
    3.817035074112E+000    3.756556741295E-001    3.769148976087E-001
    3.832743037380E+000    3.835894057795E-001    3.850502052367E-001
    3.848451000648E+000    3.916752275201E-001    3.933264366960E-001
    3.864158963916E+000    3.999111442958E-001    4.017425247828E-001
    3.879866927184E+000    4.082951240172E-001    4.102968444571E-001
    3.895574890452E+000    4.168250980630E-001    4.189881163571E-001
    3.911282853720E+000    4.254989617896E-001    4.278146371779E-001
    3.926990816988E+000    4.343145750509E-001    4.367749622519E-001
    3.942698780255E+000    4.432697627263E-001    4.458673150197E-001
    3.958406743523E+000    4.523623152572E-001    4.550901108132E-001
    3.974114706791E+000    4.615899891923E-001    4.644414975658E-001
    3.989822670059E+000    4.709505077412E-001    4.739197639138E-001
    4.005530633327E+000    4.804415613360E-001    4.835229775874E-001
    4.021238596595E+000    4.900608082012E-001    4.932493079603E-001
    4.036946559863E+000    4.998058749316E-001    5.030967380706E-001
    4.052654523131E+000    5.096743570778E-001    5.130633229261E-001
    4.068362486399E+000    5.196638197395E-001    5.231469576529E-001
    4.084070449667E+000    5.297717981662E-001    5.333455868526E-001
    4.099778412935E+000    5.399957983656E-001    5.436570159918E-001
    4.115486376203E+000    5.503332977185E-001    5.540790829691E-001
    4.131194339471E+000    5.607817456017E-001    5.646095031634E-001
    4.146902302739E+000    5.713385640170E-001    5.752460114777E-001
    4.162610266007E+000    5.820011482274E-001    5.859862338549E-001
    4.178318229275E+000    5.927668673999E-001    5.968278060095E-001
    4.194026192543E+000    6.036330652543E-001    6.077682659660E-001
    4.209734155811E+000    6.145970607188E-001    6.188051542047E-001
    4.225442119079E+000    6.256561485917E-001    6.299359230579E-001
    4.241150082347E+000    6.368076002086E-001    6.411580219089E-001
    4.256858045614E+000    6.480486641155E-001    6.524688202304E-001
    4.272566008882E+000    6.593765667481E-001    6.638656806640E-001
    4.288273972150E+000    6.707885131161E-001    6.753458931938E-001
    4.303981935418E+000    6.822816874924E-001    6.869067383242E-001
    4.319689898686E+000    6.938532541081E-001    6.985454304156E-001
    4.335397861954E+000    7.055003578525E-001    7.102591727118E-001
    4.351105825222E+000    7.172201249768E-001    7.220451082699E-001
    4.366813788490E+000    7.290096638040E-001    7.339003682329E-001
    4.382521751758E+000    7.408660654417E-001    7.458220290951E-001
    4.398229715026E+000    7.527864045003E-001    7.578071553385E-001
    4.413937678294E+000    7.647677398144E-001    7.698527620167E-001
    4.429645641562E+000    7.768071151688E-001    7.819558526547E-001
    4.445353604830E+000    7.889015600279E-001    7.941133863234E-001
    4.461061568098E+000    8.010480902683E-001    8.063223115338E-001
    4.476769531366E+000    8.132437089155E-001    8.185795371192E-001
    4.492477494634E+000    8.254854068830E-001    8.308819627209E-001
    4.508185457902E+000    8.377701637150E-001    8.432264529141E-001
    4.523893421170E+000    8.500949483317E-001    8.556098647733E-001
    4.539601384438E+000    8.624567197767E-001    8.680290247737E-001
    4.555309347706E+000    8.748524279681E-001    8.804807538382E-001
    4.571017310973E+000    8.872790144502E-001    8.929618466210E-001
    4.586725274241E+000    8.997334131488E-001    9.054690943717E-001
    4.602433237509E+000    9.122125511274E-001    9.179992662689E-001
    4.618141200777E+000    9.247133493454E-001    9.305491303802E-001
    4.633849164045E+000    9.372327234180E-001    9.431154367658E-001
    4.649557127313E+000    9.497675843768E-001    9.556949367688E-001
    4.665265090581E+000    9.623148394325E-001    9.682843676502E-001
    4.680973053849E+000    9.748713927377E-001    9.808804704065E-001
    4.696681017117E+000    9.874341461508E-001    9.934799757338E-001
    4.712388980385E+000    1.000000000000E+000    1.006079620540E+000
    4.728096943653E+000    1.012565853850E+000    1.018676135066E+000
    4.743804906921E+000    1.025128607263E+000    1.031266258230E+000
    4.759512870189E+000    1.037685160568E+000    1.043846725762E+000
    4.775220833457E+000    1.050232415624E+000    1.056414284507E+000
    4.790928796725E+000    1.062767276583E+000    1.068965681432E+000
    4.806636759993E+000    1.075286650655E+000    1.081497677006E+000
    4.822344723261E+000    1.087787448873E+000    1.094007034966E+000
    4.838052686529E+000    1.100266586852E+000    1.106490534861E+000
    4.853760649797E+000    1.112720985550E+000    1.118944962493E+000
    4.869468613064E+000    1.125147572032E+000    1.131367121692E+000
    4.885176576332E+000    1.137543280224E+000    1.143753825358E+000
    4.900884539600E+000    1.149905051669E+000    1.156101906542E+000
    4.916592502868E+000    1.162229836285E+000    1.168408210005E+000
    4.932300466136E+000    1.174514593117E+000    1.180669602680E+000
    4.948008429404E+000    1.186756291085E+000    1.192882965685E+000
    4.963716392672E+000    1.198951909732E+000    1.205045204208E+000
    4.979424355940E+000    1.211098439973E+000    1.217153239936E+000
    4.995132319208E+000    1.223192884832E+000    1.229204020415E+000
    5.010840282476E+000    1.235232260186E+000    1.241194511832E+000
    5.026548245744E+000    1.247213595500E+000    1.253121707905E+000
    5.042256209012E+000    1.259133934559E+000    1.264982622982E+000
    5.057964172280E+000    1.270990336196E+000    1.276774300490E+000
    5.073672135548E+000    1.282779875024E+000    1.288493806324E+000
    5.089380098816E+000    1.294499642148E+000    1.300138236894E+000
    5.105088062084E+000    1.306146745892E+000    1.311704712762E+000
    5.120796025352E+000    1.317718312508E+000    1.323190386324E+000
    5.136503988620E+000    1.329211486884E+000    1.334592435680E+000
    5.152211951888E+000    1.340623433252E+000    1.345908071968E+000
    5.167919915156E+000    1.351951335885E+000    1.357134533444E+000
    5.183627878424E+000    1.363192399792E+000    1.368269092503E+000
    5.199335841691E+000    1.374343851409E+000    1.379309049941E+000
    5.215043804959E+000    1.385402939282E+000    1.390251741694E+000
    5.230751768227E+000    1.396366934746E+000    1.401094533263E+000
    5.246459731495E+000    1.407233132601E+000    1.411834826189E+000
    5.262167694763E+000    1.417998851773E+000    1.422470052629E+000
    5.277875658031E+000    1.428661435983E+000    1.432997681590E+000
    5.293583621299E+000    1.439218254399E+000    1.443415213639E+000
    5.309291584567E+000    1.449666702282E+000    1.453720186915E+000
    5.324999547835E+000    1.460004201635E+000    1.463910171962E+000
    5.340707511103E+000    1.470228201834E+000    1.473982777538E+000
    5.356415474371E+000    1.480336180261E+000    1.483935645563E+000
    5.372123437639E+000    1.490325642923E+000    1.493766456729E+000
    5.387831400907E+000    1.500194125069E+000    1.503472925565E+000
    5.403539364175E+000    1.509939191799E+000    1.513052805866E+000
    5.419247327443E+000    1.519558438664E+000    1.522503885852E+000
    5.434955290711E+000    1.529049492259E+000    1.531823993442E+000
    5.450663253979E+000    1.538410010808E+000    1.541010991498E+000
    5.466371217247E+000    1.547637684743E+000    1.550062782950E+000
    5.482079180515E+000    1.556730237274E+000    1.558977306126E+000
    5.497787143783E+000    1.565685424949E+000    1.567752539739E+000
    5.513495107050E+000    1.574501038211E+000    1.576386498290E+000
    5.529203070318E+000    1.583174901937E+000    1.584877236934E+000
    5.544911033586E+000    1.591704875983E+000    1.593222846953E+000
    5.560618996854E+000    1.600088855705E+000    1.601421460503E+000
    5.576326960122E+000    1.608324772480E+000    1.609471246157E+000
    5.592034923390E+000    1.616410594221E+000    1.617370413547E+000
    5.607742886658E+000    1.624344325871E+000    1.625117208963E+000
    5.623450849926E+000    1.632124009901E+000    1.632709919901E+000
    5.639158813194E+000    1.639747726790E+000    1.640146870723E+000
    5.654866776462E+000    1.647213595500E+000    1.647426427110E+000
    5.670574739730E+000    1.654519773940E+000    1.654546991775E+000
    5.686282702998E+000    1.661664459420E+000    1.661507008841E+000
    5.701990666266E+000    1.668645889095E+000    1.668304959601E+000
    5.717698629534E+000    1.675462340402E+000    1.674939366819E+000
    5.733406592802E+000    1.682112131483E+000    1.681408790539E+000
    5.749114556070E+000    1.688593621603E+000    1.687711832317E+000
    5.764822519338E+000    1.694905211551E+000    1.693847131078E+000
    5.780530482606E+000    1.701045344035E+000    1.699813367280E+000
    5.796238445874E+000    1.707012504071E+000    1.705609258814E+000
    5.811946409142E+000    1.712805219351E+000    1.711233565115E+000
    5.827654372409E+000    1.718422060609E+000    1.716685083098E+000
    5.843362335677E+000    1.723861641973E+000    1.721962651216E+000
    5.859070298945E+000    1.729122621308E+000    1.727065145434E+000
    5.874778262213E+000    1.734203700547E+000    1.731991483242E+000
    5.890486225481E+000    1.739103626009E+000    1.736740619661E+000
    5.906194188749E+000    1.743821188711E+000    1.741311551214E+000
    5.921902152017E+000    1.748355224664E+000    1.745703311965E+000
    5.937610115285E+000    1.752704615163E+000    1.749914977451E+000
    5.953318078553E+000    1.756868287062E+000    1.753945660751E+000
    5.969026041821E+000    1.760845213036E+000    1.757794516385E+000
    5.984734005089E+000    1.764634411839E+000    1.761460736408E+000
    6.000441968357E+000    1.768234948542E+000    1.764943554285E+000
    6.016149931625E+000    1.771645934766E+000    1.768242241001E+000
    6.031857894893E+000    1.774866528903E+000    1.771356108917E+000
    6.047565858161E+000    1.777895936318E+000    1.774284507903E+000
    6.063273821429E+000    1.780733409551E+000    1.777026829167E+000
    6.078981784697E+000    1.783378248497E+000    1.779582501411E+000
    6.094689747965E+000    1.785829800583E+000    1.781950994642E+000
    6.110397711233E+000    1.788087460924E+000    1.784131816346E+000
    6.126105674501E+000    1.790150672476E+000    1.786124515282E+000
    6.141813637768E+000    1.792018926173E+000    1.787928677671E+000
    6.157521601036E+000    1.793691761052E+000    1.789543930980E+000
    6.173229564304E+000    1.795168764364E+000    1.790969940127E+000
    6.188937527572E+000    1.796449571682E+000    1.792206411248E+000
    6.204645490840E+000    1.797533866987E+000    1.793253087920E+000
    6.220353454108E+000    1.798421382743E+000    1.794109754918E+000
    6.236061417376E+000    1.799111899970E+000    1.794776234448E+000
    6.251769380644E+000    1.799605248293E+000    1.795252389904E+000
    6.267477343912E+000    1.799901305985E+000    1.795538122098E+000
    6.283185307180E+000    1.800000000000E+000    1.795633373026E+000
    6.298893270448E+000    1.799901305985E+000    1.795538122098E+000
    6.314601233716E+000    1.799605248293E+000    1.795252389904E+000
    6.330309196984E+000    1.799111899970E+000    1.794776234448E+000
    6.346017160252E+000    1.798421382743E+000    1.794109754918E+000
